$Header_Information													
Machine_ID =												
Date = 												
Time =											
Lot_ID = 											
Process_Machine_ID = 													
Machine_Type = 												
Data_Type = 													
Operator_ID = 										
Recipe_ID = 												
Kind_Name = 													
Process_Name =												
PPID = 													
MID = 													
Recipe_Name = 													
$Slot_Information													
Slot_No=												
Glass_ID=FR20GCRH90P29													
Inspect_Time=03:09:31													
Data_Number=320													
Judge=0													
$Data													
No(I)	X(R)	Y(R)	PointJudge(I)	SubRecipeNo(I)	L1(R)	L2(R)	L3(R)	L4(R)	L5(R)	A1(R)	A2(R)	G1(R)	G2(R)
1	262.517	527.74	1	1	16.843	43.143	7.742	5.094	28.868	-0.268	-0.226		
2	262.54	527.024	1	1	16.841	43.148	7.762	5.072	28.904	-0.255	-0.23		
3	262.543	526.285	1	1	16.816	43.139	7.773	5.068	28.886	-0.259	-0.232		
4	262.538	525.656	1	1	16.833	43.15	7.773	5.065	28.932	-0.25	-0.219		
5	262.523	524.889	1	1	16.767	43.187	7.858	5.231	28.907	-0.243	-0.252		
6	262.528	524.271	1	1	16.818	43.149	7.75	5.041	28.891	-0.242	-0.214		
7	262.529	523.525	1	1	16.813	43.145	7.766	5.045	28.908	-0.246	-0.232		
8	262.534	522.782	1	1	16.8	43.115	7.759	5.065	28.909	-0.244	-0.215		
9	262.533	522.158	1	1	16.834	43.15	7.768	5.089	28.868	-0.246	-0.237		
10	262.534	521.414	1	1	16.817	43.137	7.757	5.069	28.882	-0.234	-0.22		
11	262.535	520.678	1	1	16.811	43.121	7.743	5.077	28.926	-0.225	-0.234		
12	262.525	520.057	1	1	16.768	43.146	7.775	5.104	28.94	-0.22	-0.231		
13	262.531	519.315	1	1	16.747	43.127	7.794	5.094	28.961	-0.237	-0.219		
14	262.542	518.581	1	1	16.787	43.131	7.749	5.019	28.918	-0.234	-0.22		
15	262.54	517.953	1	1	16.79	43.135	7.725	5.086	28.899	-0.238	-0.243		
16	262.54	517.2	1	1	16.794	43.136	7.747	5.066	28.906	-0.235	-0.212		
17	262.543	516.585	1	1	16.765	43.127	7.767	5.101	28.952	-0.225	-0.218		
18	262.537	515.845	1	1	16.786	43.139	7.744	5.087	28.909	-0.231	-0.231		
19	262.55	515.092	1	1	16.805	43.137	7.717	5.066	28.913	-0.233	-0.209		
20	262.55	514.468	1	1	16.805	43.138	7.72	5.075	28.861	-0.23	-0.215		
21	262.343	627.834	1	1	16.807	43.077	7.693	5.114	28.897	-0.048	-0.432		
22	262.345	627.092	1	1	16.769	43.079	7.706	5.065	29.037	-0.038	-0.45		
23	262.345	626.342	1	1	16.794	43.057	7.681	5.097	28.989	-0.047	-0.457		
24	262.349	625.721	1	1	16.766	43.069	7.718	5.101	29.022	-0.053	-0.437		
25	262.347	624.98	1	1	16.72	43.11	7.791	5.183	29.058	-0.033	-0.455		
26	262.348	624.235	1	1	16.746	43.066	7.742	5.098	29.076	-0.057	-0.457		
27	262.353	623.609	1	1	16.781	43.066	7.711	5.123	29.03	-0.058	-0.448		
28	262.353	622.867	1	1	16.765	43.088	7.737	5.108	29.072	-0.054	-0.448		
29	262.354	622.122	1	1	16.795	43.063	7.724	5.102	29.067	-0.053	-0.462		
30	262.358	621.508	1	1	16.779	43.082	7.763	5.103	29.09	-0.055	-0.454		
31	262.352	620.764	1	1	16.759	43.064	7.762	5.158	29.059	-0.052	-0.476		
32	262.359	620.143	1	1	16.794	43.082	7.712	5.108	28.985	-0.049	-0.448		
33	262.356	619.403	1	1	16.762	43.049	7.725	5.081	29.096	-0.056	-0.467		
34	262.358	618.656	1	1	16.72	43.05	7.731	5.172	29.07	-0.049	-0.46		
35	262.362	618.04	1	1	16.744	43.045	7.714	5.112	29.064	-0.073	-0.481		
36	262.363	617.296	1	1	16.832	43.103	7.704	5.181	28.882	-0.077	-0.465		
37	262.364	616.549	1	1	16.814	43.099	7.724	5.217	28.972	-0.079	-0.484		
38	262.366	615.925	1	1	16.802	43.079	7.731	5.126	28.957	-0.085	-0.485		
39	262.364	615.185	1	1	16.715	43.074	7.77	5.173	29.021	-0.079	-0.473		
40	262.357	614.438	1	1	16.788	43.067	7.711	5.093	29.02	-0.081	-0.46		
41	262.465	944.386	1	1	16.937	43.213	7.872	5.29	29.149	-0.559	-0.542		
42	262.463	943.643	1	1	16.904	43.186	7.865	5.257	29.207	-0.559	-0.529		
43	262.463	943.024	1	1	16.905	43.195	7.863	5.231	29.204	-0.534	-0.499		
44	262.468	942.282	1	1	16.879	43.183	7.88	5.278	29.239	-0.521	-0.515		
45	262.461	941.538	1	1	16.814	43.194	7.922	5.396	29.207	-0.5	-0.527		
46	262.468	940.915	1	1	16.868	43.193	7.875	5.28	29.252	-0.494	-0.517		
47	262.465	940.175	1	1	16.913	43.182	7.841	5.26	29.174	-0.493	-0.507		
48	262.47	939.427	1	1	16.844	43.147	7.86	5.257	29.266	-0.472	-0.486		
49	262.461	938.808	1	1	16.827	43.153	7.889	5.296	29.262	-0.475	-0.489		
50	262.468	938.067	1	1	16.901	43.169	7.873	5.278	29.181	-0.444	-0.48		
51	262.464	937.442	1	1	16.825	43.143	7.86	5.273	29.246	-0.426	-0.479		
52	262.474	936.703	1	1	16.88	43.156	7.824	5.253	29.169	-0.43	-0.457		
53	262.475	935.957	1	1	16.825	43.132	7.846	5.263	29.261	-0.431	-0.479		
54	262.472	935.34	1	1	16.811	43.134	7.844	5.315	29.263	-0.416	-0.47		
55	262.475	934.592	1	1	16.791	43.15	7.865	5.344	29.228	-0.411	-0.47		
56	262.481	933.852	1	1	16.813	43.132	7.842	5.243	29.253	-0.402	-0.448		
57	262.478	933.226	1	1	16.763	43.163	7.883	5.398	29.205	-0.409	-0.451		
58	262.481	932.486	1	1	16.754	43.16	7.874	5.42	29.197	-0.399	-0.467		
59	262.485	931.742	1	1	16.791	43.145	7.85	5.347	29.237	-0.412	-0.471		
60	262.479	931.12	1	1	16.795	43.146	7.839	5.319	29.253	-0.401	-0.465		
61	262.645	1044.45	1	1	16.775	43.155	7.852	5.152	29.241	-0.137	-0.167		
62	262.651	1043.701	1	1	16.856	43.19	7.816	5.082	29.157	-0.129	-0.141		
63	262.646	1043.082	1	1	16.85	43.154	7.84	5.08	29.161	-0.147	-0.149		
64	262.645	1042.336	1	1	16.852	43.159	7.814	5.086	29.128	-0.144	-0.134		
65	262.658	1041.595	1	1	16.812	43.147	7.844	5.094	29.216	-0.14	-0.161		
66	262.654	1040.973	1	1	16.798	43.166	7.865	5.103	29.203	-0.139	-0.153		
67	262.656	1040.226	1	1	16.777	43.174	7.904	5.155	29.198	-0.129	-0.145		
68	262.656	1039.485	1	1	16.811	43.161	7.849	5.038	29.197	-0.136	-0.128		
69	262.657	1038.869	1	1	16.797	43.23	7.942	5.234	29.18	-0.134	-0.142		
70	262.659	1038.124	1	1	16.845	43.186	7.902	5.101	29.197	-0.136	-0.126		
71	262.657	1037.502	1	1	16.828	43.224	7.963	5.225	29.199	-0.11	-0.145		
72	262.664	1036.762	1	1	16.862	43.198	7.93	5.102	29.249	-0.14	-0.154		
73	262.668	1036.017	1	1	16.938	43.221	7.898	5.085	29.125	-0.16	-0.144		
74	262.67	1035.269	1	1	16.936	43.217	7.879	5.087	29.123	-0.185	-0.145		
75	262.669	1034.653	1	1	16.963	43.235	7.888	5.131	29.101	-0.186	-0.149		
76	262.669	1033.911	1	1	16.963	43.237	7.913	5.125	29.159	-0.182	-0.178		
77	262.668	1033.285	1	1	16.968	43.236	7.922	5.103	29.122	-0.202	-0.159		
78	262.672	1032.542	1	1	16.894	43.243	7.941	5.162	29.244	-0.213	-0.183		
79	262.683	1031.784	1	1	16.963	43.245	7.957	5.075	29.216	-0.211	-0.148		
80	262.679	1031.168	1	1	16.99	43.254	7.949	5.082	29.213	-0.236	-0.175		
81	663.137	527.688	1	1	16.824	43.199	7.818	4.85	28.788	-0.351	-0.095		
82	663.154	527.04	1	1	16.828	43.212	7.82	4.834	28.811	-0.337	-0.092		
83	663.154	526.34	1	1	16.831	43.205	7.8	4.832	28.746	-0.326	-0.13		
84	663.142	525.58	1	1	16.84	43.21	7.802	4.842	28.778	-0.331	-0.114		
85	663.154	524.94	1	1	16.808	43.212	7.803	4.859	28.832	-0.317	-0.138		
86	663.145	524.211	1	1	16.818	43.206	7.798	4.83	28.873	-0.318	-0.132		
87	663.154	523.581	1	1	16.835	43.219	7.805	4.846	28.723	-0.311	-0.127		
88	663.154	522.84	1	1	16.799	43.199	7.808	4.852	28.855	-0.303	-0.14		
89	663.142	522.099	1	1	16.796	43.194	7.801	4.837	28.809	-0.28	-0.138		
90	663.153	521.475	1	1	16.809	43.191	7.788	4.813	28.751	-0.284	-0.137		
91	663.154	520.74	1	1	16.775	43.186	7.781	4.859	28.815	-0.279	-0.123		
92	663.147	519.987	1	1	16.803	43.176	7.794	4.819	28.766	-0.286	-0.14		
93	663.156	519.37	1	1	16.821	43.183	7.793	4.849	28.725	-0.29	-0.152		
94	663.151	518.622	1	1	16.778	43.182	7.792	4.801	28.827	-0.267	-0.155		
95	663.153	517.884	1	1	16.819	43.201	7.775	4.86	28.743	-0.288	-0.149		
96	663.156	517.258	1	1	16.781	43.183	7.78	4.837	28.799	-0.284	-0.16		
97	663.161	516.516	1	1	16.803	43.19	7.765	4.838	28.784	-0.296	-0.149		
98	663.164	515.896	1	1	16.807	43.21	7.775	4.827	28.788	-0.277	-0.152		
99	663.168	515.154	1	1	16.792	43.201	7.763	4.822	28.791	-0.275	-0.158		
100	663.171	514.409	1	1	16.819	43.202	7.78	4.854	28.71	-0.275	-0.153		
101	662.953	627.742	1	1	16.822	43.133	7.771	4.864	28.92	-0.159	-0.048		
102	662.953	627.12	1	1	16.825	43.157	7.763	4.849	28.852	-0.143	-0.015		
103	662.95	626.376	1	1	16.773	43.153	7.807	4.915	28.981	-0.139	-0.041		
104	662.951	625.632	1	1	16.808	43.133	7.768	4.863	28.92	-0.153	-0.036		
105	662.953	625.01	1	1	16.78	43.13	7.784	4.849	28.978	-0.144	-0.036		
106	662.949	624.271	1	1	16.858	43.159	7.796	4.931	28.785	-0.154	-0.049		
107	662.947	623.652	1	1	16.809	43.137	7.788	4.851	28.914	-0.148	-0.037		
108	662.948	622.904	1	1	16.843	43.161	7.804	4.846	28.888	-0.147	-0.021		
109	662.947	622.16	1	1	16.826	43.151	7.801	4.885	28.922	-0.145	-0.056		
110	662.952	621.544	1	1	16.821	43.164	7.824	4.86	28.968	-0.151	-0.034		
111	662.958	620.798	1	1	16.791	43.133	7.803	4.862	28.979	-0.155	-0.019		
112	662.957	620.057	1	1	16.783	43.136	7.785	4.839	28.963	-0.168	-0.044		
113	662.955	619.437	1	1	16.767	43.139	7.824	4.96	28.977	-0.155	-0.055		
114	662.957	618.687	1	1	16.755	43.157	7.823	4.996	28.977	-0.172	-0.027		
115	662.956	617.949	1	1	16.818	43.145	7.787	4.87	28.926	-0.172	-0.028		
116	662.962	617.323	1	1	16.808	43.125	7.774	4.859	28.883	-0.202	-0.018		
117	662.968	616.583	1	1	16.799	43.137	7.769	4.88	28.917	-0.204	-0.009		
118	662.96	615.839	1	1	16.758	43.133	7.759	4.903	28.965	-0.206	-0.033		
119	662.967	615.217	1	1	16.795	43.153	7.78	4.887	28.957	-0.214	-0.034		
120	662.977	614.476	1	1	16.811	43.145	7.746	4.894	28.921	-0.227	-0.03		
121	663.082	944.426	1	1	16.724	43.109	7.776	5.068	29.135	-0.209	-0.285		
122	663.079	943.68	1	1	16.724	43.228	7.879	5.383	29.024	-0.185	-0.347		
123	663.086	942.94	1	1	16.782	43.113	7.733	5.047	29.03	-0.197	-0.278		
124	663.078	942.323	1	1	16.76	43.108	7.756	4.991	29.131	-0.173	-0.286		
125	663.083	941.575	1	1	16.822	43.133	7.765	5.105	28.901	-0.184	-0.282		
126	663.081	940.831	1	1	16.761	43.11	7.742	5.028	29.138	-0.164	-0.258		
127	663.09	940.209	1	1	16.748	43.111	7.738	5.028	29.1	-0.148	-0.267		
128	663.088	939.467	1	1	16.77	43.103	7.685	5.139	28.919	-0.153	-0.261		
129	663.09	938.728	1	1	16.762	43.102	7.602	5.176	28.886	-0.154	-0.263		
130	663.096	938.105	1	1	16.742	43.082	7.717	5.048	29.148	-0.141	-0.249		
131	663.093	937.362	1	1	16.745	43.09	7.716	5.044	29.052	-0.132	-0.265		
132	663.096	936.742	1	1	16.734	43.065	7.714	5.018	29.124	-0.139	-0.257		
133	663.103	935.998	1	1	16.707	43.092	7.755	5.101	29.131	-0.111	-0.249		
134	663.099	935.255	1	1	16.675	43.22	7.869	5.422	29.024	-0.117	-0.324		
135	663.109	934.637	1	1	16.691	43.096	7.765	5.181	29.124	-0.111	-0.279		
136	663.103	933.891	1	1	16.719	43.074	7.701	5.029	29.11	-0.129	-0.259		
137	663.109	933.15	1	1	16.685	43.043	7.709	5.065	29.15	-0.101	-0.255		
138	663.11	932.529	1	1	16.704	43.071	7.709	5.035	29.135	-0.129	-0.269		
139	663.113	931.786	1	1	16.681	43.097	7.717	5.045	29.135	-0.116	-0.252		
140	663.112	931.04	1	1	16.726	43.06	7.68	5	29.059	-0.123	-0.236		
141	663.268	1044.364	1	1	16.683	43.053	7.664	4.95	29.065	-0.06	-0.143		
142	663.252	1043.736	1	1	16.689	43.095	7.713	4.967	29.139	-0.058	-0.148		
143	663.273	1043.001	1	1	16.669	43.156	7.793	5.152	29.098	-0.044	-0.167		
144	663.284	1042.254	1	1	16.695	43.076	7.69	4.946	29.122	-0.054	-0.131		
145	663.281	1041.637	1	1	16.68	43.056	7.688	4.974	29.145	-0.043	-0.132		
146	663.286	1040.892	1	1	16.696	43.076	7.684	4.979	29.086	-0.063	-0.143		
147	663.283	1040.146	1	1	16.7	43.109	7.745	4.963	29.166	-0.046	-0.122		
148	663.289	1039.528	1	1	16.736	43.095	7.711	4.946	29.13	-0.047	-0.14		
149	663.286	1038.782	1	1	16.724	43.085	7.722	4.971	29.137	-0.042	-0.158		
150	663.286	1038.163	1	1	16.758	43.106	7.723	4.963	29.039	-0.047	-0.147		
151	663.289	1037.419	1	1	16.713	43.113	7.79	5.024	29.142	-0.049	-0.176		
152	663.286	1036.675	1	1	16.734	43.105	7.716	4.966	29.112	-0.056	-0.154		
153	663.289	1036.056	1	1	16.726	43.087	7.719	4.936	29.143	-0.055	-0.171		
154	663.293	1035.312	1	1	16.769	43.104	7.738	4.966	29.06	-0.062	-0.159		
155	663.293	1034.568	1	1	16.788	43.111	7.736	5.016	28.942	-0.073	-0.177		
156	663.298	1033.947	1	1	16.751	43.146	7.806	5.015	29.13	-0.07	-0.172		
157	663.298	1033.203	1	1	16.751	43.124	7.794	4.991	29.151	-0.073	-0.158		
158	663.299	1032.583	1	1	16.801	43.139	7.764	4.965	29.098	-0.091	-0.169		
159	663.299	1031.845	1	1	16.773	43.143	7.807	4.952	29.16	-0.095	-0.155		
160	663.299	1031.099	1	1	16.818	43.169	7.795	5	28.984	-0.127	-0.162		
161	1189.492	527.717	1	1	16.855	43.254	7.856	5.138	29.117	0.117	-0.053		
162	1189.498	527.082	1	1	16.852	43.256	7.85	5.129	29.08	0.101	-0.019		
163	1189.493	526.34	1	1	16.847	43.246	7.855	5.096	29.098	0.12	-0.029		
164	1189.493	525.62	1	1	16.862	43.243	7.849	5.135	29.047	0.126	-0.048		
165	1189.493	524.976	1	1	16.831	43.218	7.849	5.108	29.121	0.127	-0.027		
166	1189.493	524.24	1	1	16.835	43.232	7.83	5.108	29.12	0.136	-0.023		
167	1189.497	523.502	1	1	16.857	43.248	7.834	5.16	29.034	0.134	-0.029		
168	1189.498	522.875	1	1	16.854	43.224	7.836	5.115	29.062	0.143	-0.01		
169	1189.503	522.132	1	1	16.814	43.222	7.839	5.172	29.167	0.157	-0.009		
170	1189.512	521.389	1	1	16.806	43.205	7.807	5.118	29.114	0.162	-0.02		
171	1189.513	520.77	1	1	16.803	43.201	7.797	5.121	29.11	0.166	-0.016		
172	1189.516	520.024	1	1	16.804	43.19	7.804	5.153	29.123	0.17	-0.002		
173	1189.513	519.402	1	1	16.814	43.21	7.825	5.154	29.132	0.173	-0.021		
174	1189.517	518.664	1	1	16.805	43.201	7.785	5.147	29.124	0.172	-0.02		
175	1189.519	517.917	1	1	16.819	43.214	7.798	5.112	29.081	0.177	0.001		
176	1189.514	517.296	1	1	16.806	43.206	7.807	5.133	29.094	0.178	-0.021		
177	1189.506	516.551	1	1	16.769	43.236	7.874	5.215	29.149	0.183	-0.031		
178	1189.515	515.808	1	1	16.797	43.186	7.806	5.152	29.088	0.183	-0.028		
179	1189.512	515.185	1	1	16.807	43.193	7.788	5.126	29.117	0.2	-0.014		
180	1189.501	514.443	1	1	16.76	43.226	7.851	5.227	29.173	0.195	-0.035		
181	1189.657	627.774	1	1	16.695	43.12	7.787	5.298	29.256	0.085	-0.28		
182	1189.661	627.035	1	1	16.756	43.121	7.737	5.157	29.192	0.06	-0.275		
183	1189.677	626.292	1	1	16.714	43.103	7.775	5.268	29.255	0.082	-0.287		
184	1189.681	625.544	1	1	16.704	43.138	7.784	5.262	29.253	0.07	-0.281		
185	1189.681	624.922	1	1	16.747	43.111	7.738	5.173	29.212	0.086	-0.287		
186	1189.68	624.307	1	1	16.718	43.109	7.744	5.21	29.248	0.078	-0.284		
187	1189.689	623.556	1	1	16.734	43.124	7.763	5.2	29.26	0.072	-0.295		
188	1189.686	622.813	1	1	16.727	43.163	7.8	5.255	29.25	0.089	-0.291		
189	1189.687	622.199	1	1	16.692	43.099	7.733	5.221	29.24	0.083	-0.272		
190	1189.691	621.453	1	1	16.722	43.103	7.726	5.187	29.225	0.062	-0.266		
191	1189.692	620.831	1	1	16.729	43.107	7.714	5.172	29.189	0.049	-0.287		
192	1189.695	620.09	1	1	16.772	43.125	7.705	5.216	29.071	0.052	-0.284		
193	1189.695	619.348	1	1	16.747	43.111	7.719	5.16	29.195	0.034	-0.302		
194	1189.693	618.724	1	1	16.727	43.119	7.738	5.182	29.218	0.06	-0.281		
195	1189.694	617.987	1	1	16.764	43.139	7.722	5.209	29.099	0.037	-0.305		
196	1189.691	617.239	1	1	16.738	43.13	7.728	5.168	29.195	0.06	-0.322		
197	1189.697	616.616	1	1	16.719	43.118	7.765	5.147	29.221	0.041	-0.312		
198	1189.696	615.872	1	1	16.764	43.127	7.724	5.2	29.144	0.04	-0.338		
199	1189.703	615.253	1	1	16.739	43.159	7.764	5.193	29.24	0.048	-0.321		
200	1189.704	614.506	1	1	16.74	43.126	7.724	5.192	29.226	0.048	-0.331		
201	1189.432	944.335	1	1	16.731	43.109	7.761	5.411	29.423	-0.259	-0.197		
202	1189.434	943.709	1	1	16.709	43.1	7.775	5.414	29.438	-0.246	-0.191		
203	1189.437	942.967	1	1	16.742	43.099	7.731	5.395	29.391	-0.247	-0.208		
204	1189.437	942.346	1	1	16.697	43.111	7.787	5.505	29.438	-0.229	-0.244		
205	1189.438	941.603	1	1	16.684	43.114	7.813	5.573	29.43	-0.226	-0.223		
206	1189.441	940.858	1	1	16.704	43.076	7.748	5.445	29.437	-0.192	-0.211		
207	1189.441	940.116	1	1	16.689	43.109	7.766	5.446	29.445	-0.198	-0.211		
208	1189.444	939.492	1	1	16.694	43.076	7.769	5.487	29.456	-0.195	-0.221		
209	1189.445	938.752	1	1	16.755	43.086	7.727	5.405	29.359	-0.184	-0.211		
210	1189.446	938.131	1	1	16.718	43.063	7.711	5.409	29.392	-0.169	-0.212		
211	1189.448	937.389	1	1	16.651	43.151	7.831	5.66	29.379	-0.16	-0.274		
212	1189.45	936.644	1	1	16.738	43.081	7.68	5.45	29.344	-0.177	-0.208		
213	1189.451	936.022	1	1	16.744	43.086	7.71	5.415	29.323	-0.166	-0.197		
214	1189.453	935.282	1	1	16.752	43.09	7.698	5.428	29.316	-0.165	-0.205		
215	1189.448	934.539	1	1	16.714	43.069	7.706	5.398	29.399	-0.162	-0.211		
216	1189.456	933.917	1	1	16.736	43.109	7.692	5.402	29.287	-0.169	-0.225		
217	1189.455	933.172	1	1	16.724	43.069	7.666	5.404	29.339	-0.176	-0.242		
218	1189.455	932.545	1	1	16.742	43.099	7.684	5.487	29.161	-0.159	-0.234		
219	1189.459	931.808	1	1	16.739	43.082	7.672	5.433	29.328	-0.15	-0.234		
220	1189.458	931.064	1	1	16.66	43.074	7.745	5.475	29.436	-0.128	-0.226		
221	1189.615	1044.392	1	1	16.672	43.106	7.63	5.384	29.276	0.093	-0.001		
222	1189.616	1043.65	1	1	16.682	43.14	7.664	5.391	29.231	0.09	-0.009		
223	1189.615	1042.904	1	1	16.598	43.105	7.744	5.399	29.466	0.092	-0.002		
224	1189.617	1042.28	1	1	16.63	43.083	7.692	5.343	29.466	0.106	-0.002		
225	1189.624	1041.664	1	1	16.635	43.1	7.678	5.324	29.462	0.102	0.002		
226	1189.626	1040.916	1	1	16.658	43.103	7.687	5.317	29.401	0.118	-0.014		
227	1189.628	1040.172	1	1	16.633	43.114	7.726	5.353	29.469	0.102	-0.024		
228	1189.63	1039.552	1	1	16.646	43.137	7.765	5.36	29.471	0.119	-0.041		
229	1189.632	1038.809	1	1	16.632	43.127	7.762	5.362	29.5	0.103	-0.042		
230	1189.631	1038.184	1	1	16.588	43.121	7.788	5.445	29.449	0.098	-0.058		
231	1189.634	1037.441	1	1	16.611	43.119	7.759	5.42	29.496	0.088	-0.077		
232	1189.638	1036.701	1	1	16.698	43.131	7.749	5.302	29.422	0.065	-0.072		
233	1189.634	1036.081	1	1	16.652	43.128	7.766	5.377	29.493	0.057	-0.078		
234	1189.636	1035.336	1	1	16.698	43.119	7.738	5.324	29.432	0.044	-0.085		
235	1189.637	1034.598	1	1	16.638	43.173	7.831	5.475	29.445	0.028	-0.096		
236	1189.64	1033.973	1	1	16.735	43.154	7.769	5.313	29.467	0.004	-0.101		
237	1189.639	1033.227	1	1	16.737	43.179	7.783	5.347	29.466	-0.009	-0.112		
238	1189.642	1032.483	1	1	16.69	43.184	7.828	5.37	29.463	-0.029	-0.1		
239	1189.647	1031.865	1	1	16.761	43.198	7.829	5.351	29.477	-0.04	-0.113		
240	1189.644	1031.122	1	1	16.813	43.189	7.818	5.326	29.37	-0.076	-0.106		
241	1590.109	527.734	1	1	16.722	43.118	7.669	5.238	29.118	-0.019	-0.205		
242	1590.111	526.995	1	1	16.737	43.112	7.667	5.235	29.141	-0.018	-0.201		
243	1590.118	526.374	1	1	16.729	43.094	7.683	5.218	29.126	-0.021	-0.204		
244	1590.117	525.628	1	1	16.726	43.123	7.675	5.251	29.127	-0.004	-0.207		
245	1590.12	524.886	1	1	16.732	43.116	7.644	5.287	29.091	-0.005	-0.213		
246	1590.12	524.263	1	1	16.71	43.105	7.641	5.244	29.111	0.008	-0.19		
247	1590.12	523.517	1	1	16.701	43.098	7.659	5.209	29.116	0.022	-0.202		
248	1590.12	522.897	1	1	16.732	43.099	7.655	5.269	29.088	0.01	-0.207		
249	1590.125	522.157	1	1	16.725	43.088	7.641	5.246	29.104	0.017	-0.207		
250	1590.125	521.41	1	1	16.718	43.099	7.647	5.26	29.068	0.024	-0.207		
251	1590.125	520.789	1	1	16.694	43.083	7.634	5.198	29.132	0.043	-0.23		
252	1590.126	520.047	1	1	16.718	43.099	7.63	5.205	29.096	0.024	-0.214		
253	1590.127	519.308	1	1	16.699	43.099	7.647	5.235	29.092	0.027	-0.213		
254	1590.127	518.677	1	1	16.724	43.117	7.641	5.268	29.088	0.021	-0.222		
255	1590.125	517.936	1	1	16.71	43.122	7.639	5.229	29.098	0.022	-0.223		
256	1590.135	517.199	1	1	16.68	43.082	7.664	5.216	29.138	0.031	-0.198		
257	1590.131	516.572	1	1	16.658	43.087	7.662	5.228	29.178	0.052	-0.198		
258	1590.136	515.832	1	1	16.672	43.094	7.665	5.221	29.205	0.048	-0.19		
259	1590.135	515.085	1	1	16.66	43.104	7.647	5.257	29.198	0.052	-0.197		
260	1590.136	514.466	1	1	16.659	43.082	7.635	5.242	29.167	0.048	-0.2		
261	1590.287	627.794	1	1	16.648	42.966	7.546	5.304	29.145	-0.024	-0.087		
262	1590.296	627.051	1	1	16.609	43.023	7.657	5.366	29.186	0.008	-0.103		
263	1590.295	626.311	1	1	16.633	42.97	7.601	5.304	29.202	-0.001	-0.107		
264	1590.298	625.567	1	1	16.653	42.967	7.57	5.278	29.182	0	-0.106		
265	1590.297	624.943	1	1	16.622	42.986	7.628	5.331	29.231	0.001	-0.127		
266	1590.301	624.317	1	1	16.615	43.004	7.626	5.341	29.225	0.01	-0.137		
267	1590.302	623.583	1	1	16.633	42.989	7.641	5.331	29.186	0.006	-0.114		
268	1590.301	622.961	1	1	16.585	43.094	7.73	5.504	29.113	0.034	-0.162		
269	1590.306	622.22	1	1	16.625	42.956	7.55	5.274	29.201	-0.005	-0.121		
270	1590.304	621.475	1	1	16.601	43.035	7.666	5.426	29.183	0.002	-0.163		
271	1590.306	620.85	1	1	16.607	42.976	7.6	5.321	29.204	-0.01	-0.124		
272	1590.311	620.106	1	1	16.644	42.993	7.492	5.472	28.999	-0.034	-0.145		
273	1590.309	619.367	1	1	16.601	42.969	7.599	5.331	29.243	-0.023	-0.131		
274	1590.311	618.745	1	1	16.61	43	7.621	5.345	29.216	-0.041	-0.165		
275	1590.313	618.002	1	1	16.636	42.969	7.54	5.341	29.177	-0.029	-0.132		
276	1590.316	617.261	1	1	16.665	42.986	7.454	5.485	28.96	-0.068	-0.123		
277	1589.933	616.635	1	1	16.621	42.95	7.557	5.315	29.237	-0.047	-0.135		
278	1589.936	615.895	1	1	16.587	43.157	7.253	5.599	29.067	-0.005	-0.182		
279	1589.948	615.144	1	1	16.622	42.963	7.571	5.329	29.238	-0.041	-0.142		
280	1589.94	614.532	1	1	16.589	43.035	7.662	5.442	29.155	-0.032	-0.163		
281	1590.048	944.344	1	1	16.673	42.99	7.633	5.423	29.344	-0.225	-0.057		
282	1590.046	943.726	1	1	16.641	42.959	7.643	5.443	29.383	-0.207	-0.055		
283	1590.049	942.984	1	1	16.666	42.984	7.634	5.442	29.403	-0.21	-0.078		
284	1590.053	942.246	1	1	16.668	42.985	7.626	5.463	29.394	-0.2	-0.078		
285	1590.041	941.622	1	1	16.653	42.959	7.626	5.442	29.385	-0.19	-0.075		
286	1590.055	940.879	1	1	16.697	43.002	7.589	5.59	29.262	-0.187	-0.085		
287	1590.051	940.14	1	1	16.646	42.968	7.61	5.5	29.417	-0.162	-0.074		
288	1590.059	939.518	1	1	16.601	42.959	7.624	5.507	29.391	-0.155	-0.104		
289	1590.059	938.768	1	1	16.534	43.045	7.776	5.729	29.271	-0.142	-0.154		
290	1590.056	938.148	1	1	16.649	42.962	7.559	5.477	29.327	-0.17	-0.085		
291	1590.065	937.406	1	1	16.641	42.964	7.582	5.473	29.344	-0.158	-0.076		
292	1590.058	936.664	1	1	16.59	42.975	7.653	5.515	29.37	-0.153	-0.069		
293	1590.069	936.042	1	1	16.606	42.938	7.592	5.524	29.398	-0.141	-0.087		
294	1590.068	935.296	1	1	16.59	42.966	7.612	5.51	29.408	-0.148	-0.063		
295	1590.061	934.559	1	1	16.574	42.946	7.614	5.5	29.399	-0.152	-0.067		
296	1590.066	933.939	1	1	16.571	42.938	7.617	5.495	29.406	-0.164	-0.077		
297	1590.061	933.193	1	1	16.578	42.954	7.61	5.504	29.411	-0.134	-0.082		
298	1590.067	932.448	1	1	16.598	42.964	7.597	5.487	29.409	-0.153	-0.061		
299	1590.07	931.825	1	1	16.607	42.944	7.546	5.438	29.41	-0.148	-0.052		
300	1590.07	931.085	1	1	16.64	42.957	7.545	5.486	29.378	-0.145	-0.064		
301	1589.861	1044.413	1	1	16.669	43.043	7.653	5.272	29.214	0.134	-0.119		
302	1589.866	1043.784	1	1	16.638	43.032	7.646	5.195	29.293	0.123	-0.121		
303	1589.874	1043.046	1	1	16.679	43.066	7.677	5.275	29.265	0.117	-0.127		
304	1589.873	1042.3	1	1	16.618	43.036	7.659	5.256	29.342	0.131	-0.125		
305	1589.869	1041.684	1	1	16.67	43.06	7.659	5.252	29.278	0.139	-0.128		
306	1589.872	1040.936	1	1	16.682	43.067	7.697	5.255	29.317	0.134	-0.127		
307	1589.87	1040.192	1	1	16.719	43.088	7.716	5.282	29.251	0.131	-0.129		
308	1589.877	1039.575	1	1	16.666	43.065	7.694	5.265	29.334	0.132	-0.135		
309	1589.88	1038.826	1	1	16.658	43.051	7.688	5.199	29.337	0.127	-0.132		
310	1589.881	1038.085	1	1	16.714	43.098	7.693	5.239	29.279	0.105	-0.136		
311	1589.877	1037.469	1	1	16.631	43.103	7.752	5.336	29.321	0.121	-0.163		
312	1589.882	1036.721	1	1	16.721	43.11	7.714	5.218	29.305	0.078	-0.133		
313	1589.885	1036.103	1	1	16.693	43.091	7.728	5.25	29.34	0.083	-0.147		
314	1589.882	1035.357	1	1	16.759	43.125	7.751	5.202	29.282	0.058	-0.136		
315	1589.882	1034.618	1	1	16.746	43.125	7.749	5.242	29.307	0.063	-0.151		
316	1589.885	1033.989	1	1	16.727	43.143	7.758	5.261	29.349	0.05	-0.139		
317	1589.891	1033.247	1	1	16.771	43.15	7.789	5.224	29.329	0.041	-0.157		
318	1589.892	1032.506	1	1	16.791	43.161	7.777	5.199	29.326	0.011	-0.156		
319	1589.893	1031.761	1	1	16.804	43.167	7.799	5.198	29.317	0.007	-0.145		
320	1589.945	1031.176	1	1	16.868	43.215	7.79	5.28	29.192	-0.012	-0.146		
