$Header_Information		
Machine_ID =
Date = 
Time = 
Lot_ID = 		
Process_Machine_ID = 		
Machine_Type = 		
Data_Type = 		
Operator_ID = 		
Recipe_ID = 		
Kind_Name = 		
Process_Name = 
PPID = 		
MID = 		
Recipe_Name = 	
$Slot_Information		
Slot_No= 01		
Glass_ID= 	
Inspect_Time= 0		
Data_Number= 346		
Judge= 		
$Data		
No(I)	X(R)	Y(R)	PointJudge(I)	SubRecipeNo(I)	L1(R)	L2(R)	L3(R)	L4(R)	L5(R)	A1(R)	A2(R)	G1(R)	G2(R)	RMSE	LAY01
1	1788.381	40.309	OK	818	4.03	8.16	3.95	4.52	4.47	-0.23	0.15				
2	1787.269	60.891	OK	818	4.08	8.05	4.12	4.72	4.49	-0.3	0.09				
3	1787.646	80.605	OK	818	4.15	7.99	4.12	4.63	4.56	-0.19	0.02				
4	1787.66	165.419	OK	818	3.99	8.02	3.95	4.28	4.43	-0.03	0.12				
5	1787.665	186.127	OK	818	3.96	8.1	3.95	4.37	4.44	-0.14	0.03				
6	1787.677	271.06	OK	818	4.04	8.04	3.94	4.55	4.45	-0.28	0.12				
7	1788.423	291.146	OK	818	4.06	8.01	3.95	4.37	4.54	-0.28	0.19				
8	1788.064	375.463	OK	818	4.08	7.95	4.03	4.42	4.54	-0.12	0.12				
9	1788.809	396.044	OK	818	4.05	7.97	4	4.64	4.5	-0.44	-0.06				
10	1789.194	480.864	OK	818	4.11	7.93	4.06	4.64	4.57	-0.33	-0.32				
11	1789.196	500.948	OK	818	4.11	7.87	3.88	5.65	4.64	-0.45	-0.22				
12	1788.834	561.335	OK	818	4.12	7.95	3.98	4.5	4.65	-0.34	0.1				
13	1788.094	581.545	OK	818	4.11	8.09	3.98	4.37	4.52	0.01	0.31				
14	1788.474	641.554	OK	818	4.08	8.03	4.04	4.64	4.54	-0.19	0.23				
15	1788.057	662.454	OK	818	3.96	8.19	3.85	4.9	4.43	0.33	-0.06				
16	1788.44	747.263	OK	818	3.93	8.19	3.77	4.65	4.41	0.17	-0.03				
17	1787.698	766.481	OK	818	3.9	8.22	3.82	4.92	4.44	0.11	0.06				
18	1788.456	852.037	OK	818	3.83	8.25	3.71	4.64	4.37	0.31	-0.01				
19	1788.086	872.495	OK	818	3.93	8.22	3.79	4.64	4.36	0.07	-0.21				
20	1788.096	957.181	OK	818	3.96	8.26	3.88	4.38	4.43	0	-0.42				
21	1788.47	977.025	OK	818	3.95	8.28	3.74	4.64	4.42	0.1	-0.28				
22	1788.516	978.315	OK	818	4.07	8.15	3.91	4.65	4.58	-0.53	-0.03				
23	1788.474	997.733	OK	818	3.96	8.25	3.73	4.37	4.51	0.17	-0.07				
24	1788.521	999.273	OK	818	4.07	8.15	3.93	4.64	4.62	-0.4	0.2				
25	1788.15	1019.731	OK	818	4.11	8.12	3.96	4.64	4.47	-0.27	0.44				
26	1785.88	1104.498	OK	818	3.92	8.28	3.74	4.92	4.34	-0.23	-0.03				
27	1786.996	1124.588	OK	818	3.93	8.25	3.7	4.45	4.46	-0.39	0.21				
28	1787.002	1209.399	OK	818	3.88	8.31	3.78	4.36	4.42	-0.24	0.6				
29	1787.004	1229.361	OK	818	3.9	8.28	3.78	4.64	4.31	-0.28	0.14				
30	1786.635	1313.927	OK	818	3.94	8.27	3.79	4.73	4.32	-0.32	-0.34				
31	1787.753	1335.251	OK	818	3.92	8.38	3.79	4.64	4.45	-0.33	-0.57				
32	1788.131	1419.693	OK	818	3.92	8.26	3.78	4.64	4.47	-0.55	-0.11				
33	1789.99	1439.906	OK	818	4.01	8.13	3.86	4.64	4.5	-0.55	-0.16				
34	1788.874	1463.341	OK	818	3.99	8.2	3.9	4.37	4.47	-0.58	-0.39				
35	1389.258	38.635	OK	818	3.81	8.37	3.8	5.73	4.29	-0.19	0.17				
36	1388.146	62.812	OK	818	3.8	8.45	3.85	5.19	4.23	-0.1	0.08				
37	1387.778	83.023	OK	818	3.74	8.48	3.8	5.04	4.24	0.19	0.12				
38	1387.419	166.844	OK	818	3.69	8.57	3.75	4.91	4.14	0	0.29				
39	1387.423	187.303	OK	818	3.71	8.58	3.75	5.07	4.12	0.08	0.15				
40	1387.063	271.862	OK	818	3.7	8.57	3.73	4.96	4.13	-0.23	0.18				
41	1387.437	291.701	OK	818	3.71	8.55	3.71	4.82	4.14	-0.21	0.22				
42	1387.824	376.394	OK	818	3.74	8.49	3.7	5.02	4.21	-0.17	0.18				
43	1387.827	397.722	OK	818	3.73	8.49	3.7	4.98	4.19	-0.41	-0.04				
44	1388.211	482.291	OK	818	3.71	8.45	3.67	4.94	4.17	-0.53	-0.23				
45	1388.584	502.623	OK	818	3.78	8.51	3.58	4.83	4.17	-0.43	-0.16				
46	1388.594	562.263	OK	818	3.75	8.44	3.6	4.64	4.2	-0.28	0.12				
47	1388.597	582.348	OK	818	3.84	8.44	3.75	4.71	4.27	-0.16	0.19				
48	1388.233	643.099	OK	818	3.87	8.4	3.81	5.05	4.25	-0.15	0.11				
49	1387.864	663.808	OK	818	3.84	8.37	3.77	5.01	4.25	-0.23	0.1				
50	1387.829	748.066	OK	818	3.74	8.5	3.58	4.95	4.17	0.26	-0.06				
51	1387.507	768.206	OK	818	3.83	8.39	3.74	4.79	4.27	-0.31	0.21				
52	1388.214	852.841	OK	818	3.65	8.4	3.5	4.94	4.07	0.31	-0.09				
53	1388.217	872.928	OK	818	3.68	8.4	3.6	4.65	4.08	0.17	-0.25				
54	1387.854	957.736	OK	818	3.69	8.37	3.61	4.79	4.1	0	-0.51				
55	1387.857	977.576	OK	818	3.7	8.45	3.57	4.76	4.19	-0.06	-0.45				
56	1387.534	979.12	OK	818	3.82	8.31	3.65	4.91	4.26	-0.39	-0.18				
57	1387.859	998.534	OK	818	3.71	8.43	3.53	4.64	4.18	0.01	-0.26				
58	1386.791	1000.076	OK	818	3.84	8.31	3.67	4.82	4.37	-0.38	-0.03				
59	1387.862	1020.11	OK	818	3.75	8.34	3.65	4.98	4.21	0.34	0.14				
60	1386.01	1105.176	OK	818	3.75	8.33	3.66	4.92	4.21	0.02	0				
61	1385.64	1125.76	OK	818	3.78	8.3	3.6	4.92	4.3	-0.08	0.12				
62	1386.389	1211.19	OK	818	3.78	8.33	3.62	4.93	4.28	-0.02	0.35				
63	1386.39	1231.028	OK	818	3.77	8.33	3.62	4.92	4.18	-0.14	0.09				
64	1387.139	1316.09	OK	818	3.71	8.37	3.59	4.81	4.09	-0.22	-0.25				
65	1386.769	1335.681	OK	818	3.71	8.41	3.58	4.67	4.22	-0.1	-0.36				
66	1387.519	1420.619	OK	818	3.78	8.44	3.64	4.37	4.25	-0.12	0.08				
67	1387.52	1440.335	OK	818	3.76	8.34	3.68	4.64	4.23	-0.43	-0.37				
68	1387.148	1463.893	OK	818	3.68	8.37	3.73	4.13	4.13	-0.44	-0.6				
69	991.999	37.583	OK	818	4.18	7.84	4.24	5.46	4.59	-0.37	0.24				
70	992.001	62.629	OK	818	4.21	7.94	4.13	5.18	4.59	-0.32	0.1				
71	991.633	81.846	OK	818	4.13	7.92	4.09	4.91	4.57	-0.1	0.04				
72	991.647	167.776	OK	818	3.86	8.34	3.89	5.18	4.27	-0.23	0.33				
73	991.651	187.119	OK	818	3.88	8.38	3.87	5.31	4.32	-0.22	0.2				
74	991.664	271.806	OK	818	3.83	8.44	3.82	5.48	4.26	-0.47	0.06				
75	991.667	291.645	OK	818	3.85	8.34	3.79	5.07	4.29	-0.33	0.05				
76	991.307	376.83	OK	818	3.87	8.33	3.85	4.91	4.32	-0.33	0.24				
77	991.31	396.916	OK	818	3.78	8.44	3.8	4.91	4.22	-0.55	0.03				
78	991.275	481.806	OK	818	3.71	8.56	3.68	4.94	4.05	-0.18	-0.34				
79	991.325	502.318	OK	818	3.84	8.49	3.75	4.91	4.29	-0.34	-0.16				
80	991.285	562.153	OK	818	3.67	8.57	3.48	4.88	4.1	0.31	-0.1				
81	991.288	581.991	OK	818	3.7	8.67	3.67	4.91	4.08	0.33	0.12				
82	990.603	642.796	OK	818	3.83	8.54	3.77	5.27	4.23	-0.06	0.3				
83	990.601	662.507	OK	818	3.79	8.59	3.79	5.21	4.19	-0.12	0.18				
84	990.614	747.936	OK	818	3.81	8.63	3.7	5.17	4.19	-0.35	0.05				
85	990.942	767.847	OK	818	3.67	8.73	3.7	5.39	4.17	0.12	-0.04				
86	990.582	852.783	OK	818	3.65	8.72	3.6	5	4.13	0.2	0.07				
87	991.329	873.488	OK	818	3.62	8.87	3.55	5.28	3.92	0.16	-0.08				
88	989.85	957.928	OK	818	3.69	8.79	3.64	5.26	4.01	-0.02	-0.28				
89	990.597	977.768	OK	818	3.64	8.84	3.59	5.19	4.13	0.02	-0.3				
90	990.597	978.884	OK	818	3.57	8.87	3.52	5.22	4.06	0.05	-0.27				
91	990.599	998.6	OK	818	3.61	8.83	3.52	4.93	4.09	0.13	-0.08				
92	990.601	999.592	OK	818	3.63	8.85	3.55	4.93	4.1	0.07	-0.05				
93	989.857	1020.547	OK	818	3.71	8.79	3.65	5.05	4.12	0.26	-0.06				
94	989.865	1104.245	OK	818	3.72	8.61	3.65	5.02	4.16	-0.02	-0.07				
95	989.13	1125.451	OK	818	3.73	8.55	3.67	5.17	4.24	-0.23	0.19				
96	989.108	1210.262	OK	818	3.71	8.5	3.65	4.92	4.17	0.12	0.33				
97	989.124	1230.349	OK	818	3.68	8.49	3.59	5.02	4.12	0	0.02				
98	989.096	1315.162	OK	818	3.75	8.33	3.72	5.04	4.28	-0.32	-0.33				
99	988.742	1336.489	OK	818	3.74	8.42	3.66	5.04	4.24	-0.3	-0.09				
100	988.72	1420.682	OK	818	3.81	8.36	3.68	4.61	4.28	-0.12	0.1				
101	988.766	1440.772	OK	818	3.85	8.32	3.72	4.64	4.26	-0.05	-0.09				
102	989.142	1463.959	OK	818	3.85	8.22	3.82	4.64	4.34	-0.21	-0.25				
103	862.95	37.322	OK	818	4.39	7.57	4.39	4.86	4.87	0.22	-0.18				
104	862.93	61.129	OK	818	4.51	7.7	4.35	4.44	4.86	0.27	-0.24				
105	862.541	81.463	OK	818	4.39	7.69	4.31	4.38	4.87	0.28	-0.37				
106	861.352	166.519	OK	818	4.14	8.03	4.1	4.39	4.64	0.19	-0.26				
107	861.333	187.105	OK	818	4.2	8.04	4.08	4.87	4.67	0.17	-0.22				
108	860.885	271.305	OK	818	4.15	8.07	4.02	5.11	4.59	0.12	-0.13				
109	861.984	291.395	OK	818	4.18	7.99	4.11	4.86	4.69	-0.04	-0.07				
110	862.284	376.207	OK	818	4.16	7.97	4.07	4.38	4.65	0	-0.15				
111	863.009	396.293	OK	818	4.15	7.91	4.13	4.38	4.65	-0.11	-0.22				
112	862.932	480.981	OK	818	4.24	7.92	4.09	4.1	4.64	-0.25	-0.35				
113	862.914	501.935	OK	818	4.2	8.01	4.04	4.38	4.63	-0.25	-0.32				
114	862.86	561.456	OK	818	4.17	7.99	4.02	4.38	4.7	-0.23	0				
115	862.47	582.287	OK	818	4.14	7.87	4.01	4.66	4.54	0.27	-0.27				
116	862.416	642.543	OK	818	4.11	7.94	4.11	4.38	4.55	0.16	-0.3				
117	860.537	663.371	OK	818	4.1	7.91	4.05	4.88	4.58	0.03	-0.25				
118	860.833	747.431	OK	818	4	8.14	3.97	4.65	4.5	-0.14	-0.2				
119	861.921	767.121	OK	818	3.93	8.25	3.86	4.78	4.3	0.04	-0.25				
120	862.587	852.677	OK	818	3.89	8.24	3.79	4.36	4.41	0.18	-0.14				
121	862.57	872.266	OK	818	3.84	8.37	3.8	4.36	4.24	-0.09	-0.29				
122	862.494	957.083	OK	818	3.91	8.29	3.85	4.36	4.3	-0.31	-0.51				
123	862.475	977.916	OK	818	3.93	8.27	3.83	4.37	4.44	-0.71	-0.41				
124	862.474	979.156	OK	818	3.91	8.32	3.77	4.36	4.51	-0.71	-0.43				
125	862.083	998.872	OK	818	3.91	8.3	3.79	4.36	4.43	-0.41	-0.02				
126	862.089	999.641	OK	818	4.04	8.11	3.92	4.38	4.62	-0.27	-0.06				
127	862.443	1019.605	OK	818	4.01	8.11	3.92	4.57	4.53	-0.17	-0.4				
128	862.365	1104.543	OK	818	4	8.07	3.92	4.59	4.44	-0.46	-0.38				
129	861.222	1124.606	OK	818	3.9	8.29	3.79	4.45	4.32	-0.39	-0.3				
130	861.138	1209.912	OK	818	3.85	8.3	3.75	4.64	4.34	-0.23	-0.24				
131	861.12	1229.626	OK	818	3.79	8.29	3.79	4.33	4.26	-0.24	-0.47				
132	861.039	1314.434	OK	818	3.86	8.18	3.85	4.35	4.32	-0.45	-0.65				
133	860.647	1334.765	OK	818	3.91	8.26	3.77	4.37	4.4	-0.34	-0.5				
134	862.427	1419.08	OK	818	3.95	8.17	3.89	4.17	4.42	-0.23	-0.11				
135	862.407	1439.539	OK	818	3.92	8.12	3.94	4.1	4.4	-0.4	-0.47				
136	862.01	1463.843	OK	818	4.02	8.18	3.93	4.11	4.48	-0.33	-0.68				
137	460.852	37.264	OK	818	4.32	7.58	4.39	5.25	4.76	-0.01	-0.29				
138	460.088	61.071	OK	818	4.45	7.68	4.3	4.92	4.89	0.03	-0.36				
139	460.07	81.9	OK	818	4.38	7.73	4.25	5.01	4.93	0.18	-0.35				
140	459.624	166.709	OK	818	4.21	7.89	4.04	4.92	4.7	0.26	-0.13				
141	459.606	187.17	OK	818	4.26	7.88	4.03	4.95	4.76	0.07	-0.15				
142	459.902	271.741	OK	818	4.24	7.88	4.04	4.99	4.79	-0.18	-0.15				
143	459.512	291.456	OK	818	4.19	7.9	4.08	4.92	4.75	0.02	-0.14				
144	460.556	375.901	OK	818	4.21	7.88	4.02	4.76	4.71	0.04	-0.09				
145	460.165	396.852	OK	818	4.23	7.81	4.06	4.65	4.73	-0.19	-0.19				
146	460.834	481.539	OK	818	4.22	7.87	4.1	4.65	4.67	-0.14	-0.46				
147	461.56	502.371	OK	818	4.17	7.95	4.02	4.91	4.71	-0.21	-0.37				
148	460.762	561.891	OK	818	4.19	7.93	4.03	4.38	4.64	-0.04	-0.09				
149	460.745	581.729	OK	818	4.17	7.81	4.13	4.65	4.62	0.04	-0.14				
150	459.946	643.227	OK	818	4.21	7.79	4.08	4.53	4.67	-0.11	-0.12				
151	460.663	663.787	OK	818	4.08	7.94	3.96	4.7	4.48	0.15	-0.35				
152	460.958	747.967	OK	818	4.04	8.01	3.95	4.68	4.5	0.07	-0.3				
153	460.95	768.571	OK	818	4.16	7.81	4.07	5.34	4.71	-0.39	-0.23				
154	461.234	853.981	OK	818	3.93	7.97	3.87	4.79	4.43	0.07	-0.23				
155	461.215	873.693	OK	818	3.88	8.04	3.9	4.77	4.35	-0.29	-0.39				
156	459.651	958.632	OK	818	3.9	8.06	3.9	4.4	4.36	-0.17	-0.54				
157	460.378	978.723	OK	818	3.94	8.09	3.81	4.58	4.46	-0.38	-0.46				
158	460.386	980.236	OK	818	4.1	7.93	3.96	4.73	4.6	-0.2	-0.55				
159	459.987	999.68	OK	818	3.97	8.07	3.86	4.72	4.41	-0.27	-0.22				
160	460.366	1001.068	OK	818	4.08	7.92	3.95	5.67	4.52	-0.03	-0.32				
161	459.975	1021.402	OK	818	4.05	7.91	4.02	4.62	4.48	-0.17	-0.26				
162	460.639	1106.219	OK	818	4.11	7.93	4	4.69	4.58	-0.32	-0.24				
163	460.614	1126.031	OK	818	3.94	8.13	3.84	4.64	4.39	-0.23	-0.24				
164	459.415	1210.599	OK	818	3.85	8.19	3.82	4.64	4.33	-0.27	-0.22				
165	459.397	1231.052	OK	818	3.91	8.15	3.84	4.45	4.34	-0.37	-0.41				
166	459.316	1315.863	OK	818	3.83	8.14	3.79	0.13	4.24	-0.47	-0.66				
167	460.04	1335.819	OK	818	3.88	8.24	3.76	4.36	4.38	-0.46	-0.6				
168	460.332	1421.124	OK	818	3.88	8.25	3.76	4.17	4.33	-0.4	-0.22				
169	460.683	1441.71	OK	818	3.83	8.21	3.8	1.38	4.31	-0.4	-0.57				
170	460.663	1463.659	OK	818	3.77	8.25	3.81	0.75	4.22	-0.61	-0.71				
171	64.699	38.064	OK	818	4.26	7.71	4.31	4.96	4.69	0.19	0.1				
172	65.049	61.623	OK	818	4.46	7.76	4.31	4.65	4.93	0.12	-0.02				
173	65.404	82.08	OK	818	4.37	7.6	4.17	5.61	4.92	0.36	-0.19				
174	64.586	165.648	OK	818	4.23	7.85	4.07	4.93	4.76	0.49	0				
175	63.824	186.234	OK	818	4.31	7.89	4.12	5.14	4.75	0.33	0.06				
176	64.491	271.425	OK	818	4.19	7.93	4.04	4.85	4.66	0.07	-0.09				
177	64.473	291.019	OK	818	4.25	7.84	4.01	4.65	4.85	0.2	-0.14				
178	64.773	375.708	OK	818	4.29	7.71	3.91	4.65	4.87	0.07	-0.02				
179	64.381	396.538	OK	818	4.24	7.84	4.12	4.65	4.61	0	0.01				
180	63.935	481.222	OK	818	4.22	7.91	4.09	4.65	4.66	-0.06	-0.23				
181	64.288	500.69	OK	818	4.21	7.95	4.06	4.65	4.74	0.05	-0.35				
182	63.863	561.574	OK	818	4.21	7.95	4.03	4.38	4.75	0.22	-0.09				
183	63.845	581.412	OK	818	4.26	7.89	4.13	4.78	4.73	0.17	-0.03				
184	63.419	642.29	OK	818	4.25	7.78	4.12	4.38	4.72	0.21	-0.07				
185	63.773	662.499	OK	818	4.26	7.85	4.17	4.65	4.66	0.05	0.04				
186	63.684	747.522	OK	818	4.05	8.12	3.93	4.75	4.47	0.03	-0.29				
187	63.667	767.116	OK	818	4.03	8.1	3.92	4.64	4.58	0.04	-0.46				
188	63.228	852.199	OK	818	4.16	7.89	4.07	4.93	4.69	-0.08	-0.04				
189	63.572	873.004	OK	818	3.97	8.06	3.94	4.62	4.41	-0.05	-0.19				
190	63.868	959.185	OK	818	4.01	8.08	3.95	4.66	4.42	-0.23	-0.5				
191	63.113	978.555	OK	818	4.09	8	4.01	4.92	4.63	-0.03	-0.66				
192	63.478	978.654	OK	818	3.98	8.17	3.87	4.99	4.5	-0.26	-0.56				
193	63.459	999.113	OK	818	3.98	8.18	3.84	4.64	4.45	0.15	-0.3				
194	63.46	999.487	OK	818	3.97	8.18	3.89	4.75	4.45	0.1	-0.26				
195	63.438	1019.821	OK	818	3.96	8.16	3.91	4.13	4.37	0	-0.26				
196	62.997	1105.034	OK	818	4.14	8.01	4.03	5.2	4.54	-0.41	-0.46				
197	62.599	1124.354	OK	818	4.03	8.14	3.89	4.68	4.48	-0.14	-0.47				
198	62.145	1210.032	OK	818	3.92	8.23	3.81	4.81	4.37	-0.25	-0.27				
199	61.754	1229.993	OK	818	3.89	8.27	3.79	4.86	4.31	-0.23	-0.37				
200	62.047	1314.552	OK	818	3.87	8.33	3.71	4.91	4.23	-0.45	-0.73				
201	61.656	1334.884	OK	818	3.85	8.41	3.74	4.74	4.32	-0.1	-0.67				
202	61.944	1419.815	OK	818	3.77	8.42	3.68	4.55	4.22	-0.15	-0.33				
203	61.927	1440.646	OK	818	3.76	8.36	3.7	4.37	4.14	-0.26	-0.58				
204	61.904	1463.212	OK	818	3.73	8.44	3.72	0.3	4.17	-0.4	-0.84				
205	1387.828	748.561	OK	818	3.69	8.51	3.6	4.97	4.17	0.27	-0.08				
206	1386.759	749.237	OK	818	3.87	8.38	3.75	4.84	4.25	-0.26	0.14				
207	1387.131	752.335	OK	818	3.86	8.36	3.69	4.91	4.29	-0.22	0.2				
208	459.107	747.494	OK	818	4.2	7.83	4.11	4.67	4.6	0.12	-0.42				
209	459.478	750.593	OK	818	4.18	7.83	4.11	4.8	4.65	0.03	-0.4				
210	459.102	753.694	OK	818	4.18	7.83	4.12	4.77	4.73	-0.03	-0.34				
211	261.844	40.143	OK	818	4.34	7.59	4.39	5.2	4.74	0.12	-0.13				
212	261.826	60.727	OK	818	4.5	7.66	4.32	5.76	4.94	0.03	-0.18				
213	261.81	80.563	OK	818	4.4	7.7	4.29	5.2	4.86	0.19	-0.22				
214	261.733	165.372	OK	818	4.22	7.85	4.09	4.38	4.72	0.23	0.04				
215	261.717	186.08	OK	818	4.26	7.88	4.08	5.1	4.77	0.33	0.05				
216	261.639	270.901	OK	818	4.25	7.86	4.13	5.06	4.71	-0.03	-0.1				
217	261.623	291.113	OK	818	4.25	7.8	4.07	4.96	4.79	0.17	0				
218	261.549	375.185	OK	818	4.27	7.8	4.08	4.92	4.75	-0.02	0.04				
219	261.531	396.261	OK	818	4.22	7.81	4.14	4.66	4.72	-0.14	-0.1				
220	261.444	481.048	OK	818	4.05	8.04	3.97	4.23	4.46	-0.19	-0.49				
221	261.426	500.887	OK	818	4.04	8.07	3.92	4.36	4.48	0.04	-0.4				
222	261.373	561.4	OK	818	4.11	8.05	3.96	4.1	4.63	0.14	-0.03				
223	261.364	581.506	OK	818	4.26	7.78	4.11	4.75	4.71	0.2	-0.06				
224	261.311	641.393	OK	818	4.25	7.79	4.14	4.38	4.72	0.04	-0.07				
225	261.283	662.199	OK	818	4.08	7.82	3.98	4.36	4.51	0.23	-0.22				
226	261.207	747.126	OK	818	4.05	7.85	3.92	4.64	4.43	0.15	-0.26				
227	261.944	766.49	OK	818	4.22	7.76	4.1	4.98	4.68	-0.17	-0.3				
228	261.865	852.046	OK	818	4.15	7.79	4.05	5.03	4.6	-0.28	-0.12				
229	261.847	872.38	OK	818	4.11	7.8	4.06	4.65	4.51	-0.17	-0.2				
230	261.771	957.322	OK	818	4.11	7.8	4.04	4.65	4.56	-0.59	-0.52				
231	262.488	976.896	OK	818	3.94	8.09	3.88	4.36	4.5	-0.28	-0.53				
232	261.751	978.403	OK	818	4.1	7.9	4.03	5.03	4.65	-0.07	-0.59				
233	261.727	997.725	OK	818	4	8.05	3.91	4.42	4.51	-0.16	-0.21				
234	261.731	999.234	OK	818	4.14	7.91	4.07	4.65	4.67	0.09	-0.26				
235	261.711	1019.572	OK	818	4.09	7.85	4.02	4.69	4.53	-0.14	-0.24				
236	262.379	1104.386	OK	818	4.13	7.9	4.02	4.95	4.53	-0.42	-0.3				
237	262.353	1124.45	OK	818	3.95	8.1	3.85	4.64	4.28	-0.42	-0.33				
238	262.271	1209.26	OK	818	3.87	8.15	3.8	4.91	4.29	-0.34	-0.25				
239	262.252	1229.098	OK	818	3.89	8.12	3.82	4.64	4.25	-0.44	-0.39				
240	262.172	1313.905	OK	818	3.78	8.18	3.76	4.75	4.18	-0.42	-0.73				
241	262.153	1334.983	OK	818	3.84	8.28	3.75	4.61	4.23	-0.48	-0.68				
242	262.073	1419.545	OK	818	3.85	8.31	3.73	4.36	4.25	-0.39	-0.38				
243	262.052	1439.633	OK	818	3.8	8.27	3.79	0.21	4.11	-0.34	-0.58				
244	262.029	1463.561	OK	818	3.82	8.27	3.75	1.36	4.12	-0.57	-0.72				
245	659.855	40.202	OK	818	4.29	7.65	4.37	5.2	4.82	-0.08	-0.23				
246	659.838	60.66	OK	818	4.42	7.8	4.26	5.45	4.84	-0.01	-0.32				
247	659.822	80.497	OK	818	4.27	7.88	4.23	5.2	4.75	0.05	-0.41				
248	659.746	165.43	OK	818	4.11	8.01	4.03	5.2	4.63	0.29	-0.42				
249	659.729	186.139	OK	818	4.17	7.99	4	4.93	4.62	0.09	-0.37				
250	659.652	270.836	OK	818	4.12	8.03	4.04	4.38	4.61	-0.08	-0.24				
251	659.636	291.048	OK	818	4.17	8.01	3.99	4.65	4.65	-0.27	-0.16				
252	659.562	375.119	OK	818	4.21	7.91	4.05	4.65	4.67	-0.1	-0.26				
253	659.544	396.196	OK	818	4.16	7.88	4.04	4.65	4.59	-0.09	-0.37				
254	659.457	481.107	OK	818	3.98	8.06	3.92	4.36	4.45	-0.17	-0.46				
255	659.438	500.946	OK	818	4.03	8.18	3.88	4.36	4.43	-0.09	-0.42				
256	659.384	561.459	OK	818	4.02	8.16	3.85	4.36	4.46	0.1	-0.17				
257	659.378	581.444	OK	818	4.13	7.89	4.04	4.63	4.52	0	-0.3				
258	659.323	641.328	OK	818	4.17	7.85	4.04	4.49	4.58	0.07	-0.3				
259	659.295	662.259	OK	818	4.04	7.87	3.88	4.47	4.54	0.25	-0.4				
260	659.218	747.187	OK	818	4	8.03	3.93	4.8	4.46	-0.13	-0.41				
261	659.956	766.427	OK	818	4.13	7.9	4.02	4.92	4.69	-0.17	-0.24				
262	659.876	851.983	OK	818	4.08	7.74	3.98	4.65	4.55	-0.03	-0.11				
263	659.858	872.316	OK	818	4.05	7.85	4	4.83	4.47	-0.41	-0.36				
264	659.781	957.259	OK	818	4.14	7.83	4.05	4.78	4.5	-0.58	-0.43				
265	659.755	977.079	OK	818	3.87	8.13	3.8	4.36	4.42	-0.48	-0.3				
266	659.762	978.463	OK	818	4.08	7.94	3.97	4.65	4.58	-0.25	-0.4				
267	659.736	997.909	OK	818	3.91	8.13	3.82	4.64	4.34	-0.4	-0.07				
268	659.741	999.295	OK	818	4.1	7.94	3.97	4.8	4.58	-0.12	-0.14				
269	659.721	1019.632	OK	818	4.03	7.94	3.97	5.74	4.42	-0.24	-0.26				
270	659.643	1104.322	OK	818	4.04	7.97	3.97	4.68	4.47	-0.45	-0.36				
271	660.361	1124.511	OK	818	3.85	8.17	3.8	4.46	4.38	-0.35	-0.33				
272	660.278	1209.445	OK	818	3.81	8.19	3.73	5.73	4.3	-0.34	-0.26				
273	660.26	1229.283	OK	818	3.77	8.22	3.78	4.42	4.18	-0.49	-0.42				
274	660.179	1314.09	OK	818	3.81	8.24	3.75	1.32	4.24	-0.4	-0.64				
275	660.158	1335.167	OK	818	3.81	8.3	3.7	0.82	4.28	-0.52	-0.57				
276	660.077	1419.729	OK	818	3.84	8.27	3.79	4.32	4.31	-0.46	-0.22				
277	660.057	1439.817	OK	818	3.81	8.22	3.81	5.91	4.25	-0.49	-0.46				
278	660.034	1463.748	OK	818	3.89	8.28	3.81	3.87	4.24	-0.57	-0.63				
279	1189.512	40.033	OK	818	4.04	8.17	3.98	5.18	4.38	-0.28	0.17				
280	1189.514	60.611	OK	818	4.01	8.23	3.96	5.05	4.41	-0.22	0.07				
281	1189.518	80.45	OK	818	3.94	8.22	3.88	5.34	4.38	-0.12	0.08				
282	1189.532	165.267	OK	818	3.69	8.63	3.76	5.18	4.17	-0.03	0.23				
283	1189.534	186.094	OK	818	3.71	8.62	3.78	4.91	4.17	-0.1	0.2				
284	1189.549	270.784	OK	818	3.76	8.55	3.81	4.97	4.12	-0.25	0.16				
285	1189.551	290.991	OK	818	3.74	8.5	3.76	5.08	4.2	-0.12	0.15				
286	1190.307	375.063	OK	818	3.83	8.41	3.77	5.17	4.31	-0.3	0.16				
287	1190.31	396.143	OK	818	3.8	8.37	3.81	4.64	4.2	-0.4	0.01				
288	1190.272	481.031	OK	818	3.65	8.49	3.69	4.92	4.07	-0.02	-0.37				
289	1190.274	500.869	OK	818	3.64	8.54	3.57	4.98	4.2	0.24	-0.35				
290	1190.282	561.378	OK	818	3.66	8.48	3.56	4.78	4.11	0.39	-0.15				
291	1190.338	581.392	OK	818	3.82	8.38	3.77	5.08	4.22	0.02	0.4				
292	1190.345	641.275	OK	818	3.84	8.35	3.84	4.67	4.3	-0.05	0.31				
293	1190.296	662.3	OK	818	3.75	8.43	3.73	4.99	4.15	0.41	-0.01				
294	1190.31	747.23	OK	818	3.71	8.49	3.68	4.98	4.25	0.27	-0.1				
295	1190.36	766.377	OK	818	3.88	8.37	3.73	5.18	4.3	-0.24	0.19				
296	1190.372	851.934	OK	818	3.81	8.36	3.74	5.11	4.26	-0.32	0.27				
297	1190.374	872.268	OK	818	3.75	8.37	3.75	5.17	4.18	-0.49	0.07				
298	1189.641	957.203	OK	818	3.8	8.39	3.76	5.17	4.17	-0.46	-0.24				
299	1190.338	976.991	OK	818	3.68	8.53	3.58	4.9	4.18	0.29	-0.36				
300	1189.644	978.408	OK	818	3.79	8.47	3.71	4.94	4.28	-0.33	-0.16				
301	1190.341	997.946	OK	818	3.7	8.57	3.6	4.88	4.14	0.31	-0.18				
302	1189.645	999.24	OK	818	3.78	8.44	3.68	5.11	4.28	-0.22	0.1				
303	1189.648	1019.576	OK	818	3.85	8.36	3.75	4.91	4.35	-0.14	0.51				
304	1189.655	1104.391	OK	818	3.88	8.36	3.73	5.03	4.38	-0.58	0.37				
305	1189.609	1124.671	OK	818	3.8	8.45	3.66	4.92	4.29	0.12	0.21				
306	1189.614	1209.358	OK	818	3.71	8.5	3.65	5.51	4.2	0.12	0.35				
307	1189.616	1229.321	OK	818	3.73	8.48	3.71	5.19	4.2	0.09	0.24				
308	1189.62	1314.136	OK	818	3.77	8.36	3.71	4.64	4.2	-0.04	-0.29				
309	1189.622	1335.215	OK	818	3.72	8.41	3.58	4.92	4.29	-0.04	-0.24				
310	1189.627	1419.78	OK	818	3.76	8.34	3.69	4.64	4.33	0	0.03				
311	1189.628	1439.867	OK	818	3.82	8.27	3.7	4.65	4.28	-0.3	-0.1				
312	1189.629	1463.674	OK	818	3.85	8.27	3.79	4.64	4.36	-0.25	-0.38				
313	1586.777	40.088	OK	818	3.95	8.26	3.82	4.91	4.37	-0.21	0.25				
314	1586.779	60.795	OK	818	3.95	8.25	3.94	4.7	4.3	-0.15	0.13				
315	1586.786	80.508	OK	818	3.92	8.29	3.92	4.64	4.35	-0.21	-0.02				
316	1586.798	165.323	OK	818	3.75	8.43	3.81	4.64	4.18	-0.09	0.12				
317	1586.803	186.154	OK	818	3.81	8.42	3.8	4.64	4.22	-0.21	0.1				
318	1586.817	270.839	OK	818	3.84	8.37	3.78	4.64	4.25	-0.18	0.1				
319	1586.82	291.05	OK	818	3.78	8.41	3.75	5	4.22	-0.24	0.14				
320	1586.832	375.118	OK	818	3.73	8.38	3.72	5.01	4.29	-0.13	0.12				
321	1586.835	396.199	OK	818	3.74	8.4	3.69	4.64	4.17	-0.41	-0.02				
322	1586.798	480.962	OK	818	3.62	8.46	3.53	4.88	4.04	0.05	-0.42				
323	1586.801	500.8	OK	818	3.62	8.55	3.44	4.92	4.13	0.17	-0.44				
324	1586.811	561.309	OK	818	3.59	8.54	3.42	4.87	4.13	0.38	-0.12				
325	1586.862	581.446	OK	818	3.82	8.46	3.69	5	4.3	-0.06	0.26				
326	1586.871	641.329	OK	818	3.78	8.46	3.72	5.08	4.19	-0.13	0.23				
327	1586.826	662.108	OK	818	3.71	8.55	3.56	4.92	4.11	0.41	-0.08				
328	1586.839	747.04	OK	818	3.67	8.55	3.5	4.67	4.08	0.17	-0.12				
329	1586.145	766.433	OK	818	3.8	8.41	3.64	5.05	4.21	-0.2	0.18				
330	1586.156	851.99	OK	818	3.75	8.38	3.64	5.07	4.25	-0.33	0.16				
331	1586.159	872.325	OK	818	3.79	8.35	3.69	4.75	4.12	-0.37	0.05				
332	1586.169	957.258	OK	818	3.84	8.34	3.71	4.77	4.22	-0.56	-0.2				
333	1586.124	976.923	OK	818	3.68	8.53	3.52	4.84	4.12	0.04	-0.42				
334	1586.172	978.463	OK	818	3.79	8.36	3.64	4.82	4.28	-0.46	-0.14				
335	1586.127	997.756	OK	818	3.64	8.51	3.52	4.64	4.09	0.13	-0.23				
336	1586.173	999.296	OK	818	3.8	8.39	3.65	4.9	4.25	-0.34	0.04				
337	1586.175	1019.633	OK	818	3.89	8.31	3.73	4.9	4.27	-0.33	0.28				
338	1586.93	1104.452	OK	818	3.84	8.27	3.69	5.02	4.23	-0.63	0.3				
339	1586.882	1124.488	OK	818	3.72	8.4	3.58	4.67	4.19	-0.15	-0.02				
340	1586.888	1209.3	OK	818	3.73	8.43	3.56	4.93	4.18	0.16	0.21				
341	1586.889	1229.138	OK	818	3.69	8.39	3.58	4.64	4.1	-0.1	0.01				
342	1586.894	1313.952	OK	818	3.73	8.41	3.58	4.64	4.11	-0.35	-0.26				
343	1586.895	1335.031	OK	818	3.72	8.5	3.53	4.64	4.2	-0.06	-0.82				
344	1586.899	1419.597	OK	818	3.72	8.44	3.6	4.37	4.31	-0.29	-0.09				
345	1586.9	1439.685	OK	818	3.74	8.36	3.65	4.65	4.16	-0.52	-0.24				
346	1586.901	1463.491	OK	818	3.79	8.31	3.74	4.64	4.16	-0.65	-0.34				












X(R)	位置	Scan	Lens	Y(R)	CD01	CD02	CD03	Spec -1.3	Spec 3.6	Target			左-CD01	左-CD02	左中/ -CD01	左中-CD02	中-CD01	中-CD02	右中-CD01	右中-CD02	右-CD01	右-CD02	
1789.014	右	Scan1	M1	36.371	3.885609195	8.386363636	3.848735632	1.3	3.6	3.4	Scan1	M1/M2	0.08 	0.02 	0.07 	0.01 	0.06 	-0.03 	0.03 	-0.04 	-0.07 	0.06 	-0.3
1789.014				60.674	3.935609195	8.276363636	4.018735632	1.3	3.6	3.4		M2/M3	-0.02 	-0.04 	-0.02 	0.01 	-0.02 	-0.01 	-0.06 	0.01 	0.03 	-0.08 	-0.3
1789.009			M2	81.007	4.005609195	8.216363636	4.018735632	1.3	3.6	3.4		M3/M4	-0.02 	0.10 	0.02 	0.05 	-0.01 	0.02 	0.06 	-0.04 	-0.02 	0.03 	-0.3
1788.997				165.819	3.845609195	8.246363636	3.848735632	1.3	3.6	3.4		M4/M5	0.09 	-0.11 	0.03 	0.04 	0.01 	0.00 	-0.01 	-0.02 	0.03 	-0.02 	-0.3
1788.993			M3	186.147	3.815609195	8.326363636	3.848735632	1.3	3.6	3.4		M5/M6	-0.08 	0.00 	0.01 	-0.05 	-0.07 	-0.06 	0.00 	-0.09 	0.00 	0.06 	-0.3
1788.985				270.935	3.895609195	8.266363636	3.838735632	1.3	3.6	3.4	Scan2	M2/M3	0.04 	-0.05 	0.04 	-0.01 	0.03 	0.03 	0.02 	-0.02 	0.07 	-0.09 	-0.3
1788.985			M4	290.781	3.915609195	8.236363636	3.848735632	1.3	3.6	3.4		M3/M4	0.09 	-0.03 	-0.12 	0.05 	-0.04 	0.04 	-0.08 	0.07 	0.03 	-0.03 	-0.3
1788.986				375.58	3.935609195	8.176363636	3.928735632	1.3	3.6	3.4		M4/M5	0.03 	-0.15 	0.06 	-0.01 	-0.03 	0.00 	-0.04 	0.03 	-0.10 	0.03 	-0.3
1788.989			M5	395.916	3.905609195	8.196363636	3.898735632	1.3	3.6	3.4		M5/M6	0.05 	-0.05 	0.07 	-0.07 	-0.01 	-0.08 	0.11 	-0.12 	0.01 	-0.02 	-0.3
1788.988				480.731	3.965609195	8.156363636	3.958735632	1.3	3.6	3.4	Scan3	S2/S3	-0.08 	0.06 	-0.07 	0.08 	0.04 	0.04 	-0.09 	0.08 	-0.04 	0.03 	-0.3
1788.989			M6	501.066	3.965609195	8.096363636	3.778735632	1.3	3.6	3.4		M3/M4	-0.01 	0.06 	0.03 	-0.02 	-0.03 	0.03 	0.07 	-0.06 	-0.01 	0.03 	-0.3
1788.987				561.085	3.975609195	8.176363636	3.878735632	1.3	3.6	3.4		M4/M5	0.03 	0.01 	-0.02 	0.02 	0.01 	0.00 	0.04 	0.04 	-0.02 	0.03 	-0.3
1788.99		Scan2	M2	581.427	3.965609195	8.316363636	3.878735632	1.3	3.6	3.4		M5/M6	0.01 	-0.09 	0.05 	-0.05 	0.00 	-0.04 	0.01 	-0.09 	0.02 	-0.11 	-0.3
1788.984				641.934	3.935609195	8.256363636	3.938735632	1.3	3.6	3.4		M6/M7	-0.04 	0.04 	-0.06 	0.07 	0.02 	0.10 	-0.02 	0.08 	-0.09 	0.13 	-0.3
1788.987			M3	662.253	3.869388235	8.346470588	3.770482353	1.3	3.6	3.4	Scan4	M1/M2	0.09 	0.16 	0.10 	-0.04 	0.07 	-0.05 	0.15 	-0.08 	0.12 	0.01 	-0.3
1788.988				747.072	3.839388235	8.346470588	3.690482353	1.3	3.6	3.4		M2/M3	-0.08 	-0.04 	-0.04 	-0.03 	-0.05 	0.01 	-0.06 	0.02 	-0.06 	-0.01 	-0.3
1788.987			M4	766.92	3.809388235	8.376470588	3.740482353	1.3	3.6	3.4		M3/M4	-0.06 	0.09 	0.00 	0.06 	0.05 	-0.02 	-0.05 	0.02 	-0.03 	0.08 	-0.3
1788.98				851.735	3.739388235	8.406470588	3.630482353	1.3	3.6	3.4		M4/M5	0.05 	-0.13 	0.05 	-0.01 	-0.02 	0.07 	0.05 	0.03 	0.01 	0.06 	-0.3
1788.981			M5	872.06	3.839388235	8.376470588	3.710482353	1.3	3.6	3.4		M5/M6	0.01 	-0.04 	0.01 	-0.03 	0.05 	-0.08 	-0.05 	-0.12 	0.04 	-0.09 	-0.3
1788.983				956.868	3.869388235	8.416470588	3.800482353	1.3	3.6	3.4	Scan5	M2/M3	-0.01 	-0.07 	0.10 	0.05 	0.06 	-0.07 	0.06 	0.06 	0.01 	0.03 	-0.3
1788.984			M6	977.205	3.859388235	8.436470588	3.660482353	1.3	3.6	3.4		M3/M4	0.02 	0.02 	-0.10 	0.01 	-0.05 	0.12 	-0.06 	0.05 	0.00 	-0.03 	-0.3
1788.986				978.198	3.925609195	8.376363636	3.808735632	1.3	3.6	3.4		M4/M5	0.12 	-0.09 	0.04 	-0.01 	0.05 	-0.07 	0.03 	-0.11 	0.05 	-0.13 	-0.3
1788.984			M6	998.031	3.869388235	8.406470588	3.650482353	1.3	3.6	3.4		M5/M6	-0.01 	0.00 	0.10 	-0.21 	-0.04 	-0.03 	0.20 	-0.22 	-0.02 	0.02 	-0.3
1788.98				999.025	3.925609195	8.376363636	3.828735632	1.3	3.6	3.4	Scan6	S5/S6	0.01 	0.02 	0.05 	0.06 	0.03 	0.01 	0.07 	0.00 	0.03 	0.00 	-0.3
1788.983		Scan3	M3	1019.356	3.965609195	8.346363636	3.858735632	1.3	3.6	3.4		M3/M4	0.04 	-0.05 	0.11 	-0.12 	0.10 	-0.12 	0.12 	-0.12 	0.03 	-0.14 	-0.3
1788.992				1104.166	3.829388235	8.436470588	3.660482353	1.3	3.6	3.4		M4/M5	0.03 	-0.04 	-0.02 	0.03 	-0.06 	0.04 	0.04 	-0.03 	0.06 	0.01 	-0.3
1788.992			M4	1124.008	3.839388235	8.406470588	3.620482353	1.3	3.6	3.4		M5/M6	0.02 	-0.08 	-0.06 	-0.10 	-0.05 	-0.10 	0.00 	-0.06 	-0.05 	-0.08 	-0.3
1788.995				1209.31	3.789388235	8.466470588	3.700482353	1.3	3.6	3.4		M6/M7	0.01 	0.06 	0.05 	0.04 	0.05 	0.04 	0.03 	0.05 	0.03 	0.05 	-0.3
1788.997			M5	1229.146	3.809388235	8.436470588	3.700482353	1.3	3.6	3.4													
1789.003				1313.956	3.849388235	8.426470588	3.710482353	1.3	3.6	3.4													
1789.006			M6	1334.298	3.829388235	8.536470588	3.710482353	1.3	3.6	3.4													
1789.015				1419.105	3.829388235	8.416470588	3.700482353	1.3	3.6	3.4													
1789.019			M7	1439.444	3.919388235	8.286470588	3.780482353	1.3	3.6	3.4													
1789.019				1463.738	3.899388235	8.356470588	3.820482353	1.3	3.6	3.4													
1387.267	中	Scan1	M1	36.366	3.665609195	8.596363636	3.698735632	1.3	3.6														
1387.261				60.675	3.655609195	8.676363636	3.748735632	1.3	3.6														
1387.258			M2	81.005	3.595609195	8.706363636	3.698735632	1.3	3.6														
1387.247				165.816	3.545609195	8.796363636	3.648735632	1.3	3.6														
1387.245			M3	186.142	3.565609195	8.806363636	3.648735632	1.3	3.6														
1387.238				270.937	3.555609195	8.796363636	3.628735632	1.3	3.6														
1387.233			M4	290.778	3.565609195	8.776363636	3.608735632	1.3	3.6														
1387.233				375.578	3.595609195	8.716363636	3.598735632	1.3	3.6														
1387.237			M5	395.913	3.585609195	8.716363636	3.598735632	1.3	3.6														
1387.237				480.73	3.565609195	8.676363636	3.568735632	1.3	3.6														
1387.237			M6	501.064	3.635609195	8.736363636	3.478735632	1.3	3.6														
1387.236				561.083	3.605609195	8.666363636	3.498735632	1.3	3.6														
1387.235		Scan2	M2	581.42	3.695609195	8.666363636	3.648735632	1.3	3.6														
1387.24				641.922	3.725609195	8.626363636	3.708735632	1.3	3.6														
1387.24			M3	662.256	3.695609195	8.596363636	3.668735632	1.3	3.6														
1387.236				747.066	3.649388235	8.656470588	3.500482353	1.3	3.6														
1387.237			M4	766.912	3.685609195	8.616363636	3.638735632	1.3	3.6														
1387.233				851.732	3.559388235	8.556470588	3.420482353	1.3	3.6														
1387.233			M5	872.063	3.589388235	8.556470588	3.520482353	1.3	3.6														
1387.231				956.861	3.599388235	8.526470588	3.530482353	1.3	3.6														
1387.233			M6	977.192	3.609388235	8.606470588	3.490482353	1.3	3.6														
1387.231				978.191	3.675609195	8.536363636	3.548735632	1.3	3.6														
1387.236			M6	998.023	3.619388235	8.586470588	3.450482353	1.3	3.6														
1387.235				999.017	3.695609195	8.536363636	3.568735632	1.3	3.6														
1387.235		Scan3	M3	1019.353	3.659388235	8.496470588	3.570482353	1.3	3.6														
1387.239				1104.16	3.659388235	8.486470588	3.580482353	1.3	3.6														
1387.243			M4	1124.006	3.689388235	8.456470588	3.520482353	1.3	3.6														
1387.243				1209.305	3.689388235	8.486470588	3.540482353	1.3	3.6														
1387.244			M5	1229.141	3.679388235	8.486470588	3.540482353	1.3	3.6														
1387.255				1313.952	3.619388235	8.526470588	3.510482353	1.3	3.6														
1387.254			M6	1334.289	3.619388235	8.566470588	3.500482353	1.3	3.6														
1387.262				1419.098	3.689388235	8.596470588	3.560482353	1.3	3.6														
1387.265			M7	1439.439	3.669388235	8.496470588	3.600482353	1.3	3.6														
1387.271				1463.73	3.589388235	8.526470588	3.650482353	1.3	3.6														
986.988	左	Scan1	M1	36.355	4.035609195	8.066363636	4.138735632	1.3	3.6														
986.983				60.663	4.065609195	8.166363636	4.028735632	1.3	3.6														
986.982			M2	81.001	3.985609195	8.146363636	3.988735632	1.3	3.6														
986.967				165.806	3.715609195	8.566363636	3.788735632	1.3	3.6														
986.961			M3	186.133	3.735609195	8.606363636	3.768735632	1.3	3.6														
986.962				270.928	3.685609195	8.666363636	3.718735632	1.3	3.6														
986.959			M4	290.771	3.705609195	8.566363636	3.688735632	1.3	3.6														
986.959				375.574	3.725609195	8.556363636	3.748735632	1.3	3.6														
986.962			M5	395.898	3.635609195	8.666363636	3.698735632	1.3	3.6														
986.967				480.719	3.619388235	8.716470588	3.600482353	1.3	3.6														
986.966			M6	501.053	3.695609195	8.716363636	3.648735632	1.3	3.6														
986.963				561.078	3.579388235	8.726470588	3.400482353	1.3	3.6														
986.963		Scan2	M2	581.41	3.609388235	8.826470588	3.590482353	1.3	3.6														
986.967				641.915	3.685609195	8.766363636	3.668735632	1.3	3.6														
986.965			M3	662.243	3.645609195	8.816363636	3.688735632	1.3	3.6														
986.964				747.055	3.665609195	8.856363636	3.598735632	1.3	3.6														
986.964			M4	766.906	3.579388235	8.886470588	3.620482353	1.3	3.6														
986.964				851.722	3.559388235	8.876470588	3.520482353	1.3	3.6														
986.965			M5	872.053	3.529388235	9.026470588	3.470482353	1.3	3.6														
986.966				956.855	3.599388235	8.946470588	3.560482353	1.3	3.6														
986.963			M6	977.191	3.549388235	8.996470588	3.510482353	1.3	3.6														
986.964				978.181	3.479388235	9.026470588	3.440482353	1.3	3.6														
986.965			M6	998.019	3.519388235	8.986470588	3.440482353	1.3	3.6														
986.962				999.012	3.539388235	9.006470588	3.470482353	1.3	3.6														
986.967		Scan3	M3	1019.34	3.619388235	8.946470588	3.570482353	1.3	3.6														
986.973				1104.154	3.629388235	8.766470588	3.570482353	1.3	3.6														
986.976			M4	1123.998	3.639388235	8.706470588	3.590482353	1.3	3.6														
986.983				1209.294	3.619388235	8.656470588	3.570482353	1.3	3.6														
986.985			M5	1229.133	3.589388235	8.646470588	3.510482353	1.3	3.6														
986.99				1313.947	3.659388235	8.486470588	3.640482353	1.3	3.6														
986.995			M6	1334.279	3.649388235	8.576470588	3.580482353	1.3	3.6														
987.006				1419.092	3.719388235	8.516470588	3.600482353	1.3	3.6														
987.006			M7	1439.425	3.759388235	8.476470588	3.640482353	1.3	3.6														
987.012				1463.726	3.759388235	8.376470588	3.740482353	1.3	3.6														
862.027	右	Scan4	M1	36.36	4.183762887	7.877938144	4.179082474	1.3	3.6														
862.02				60.661	4.303762887	8.007938144	4.139082474	1.3	3.6														
862.013			M2	80.993	4.183762887	7.997938144	4.099082474	1.3	3.6														
862.007				165.809	3.933762887	8.337938144	3.889082474	1.3	3.6														
862.002			M3	186.134	3.993762887	8.347938144	3.869082474	1.3	3.6														
861.997				270.932	3.943762887	8.377938144	3.809082474	1.3	3.6														
861.994			M4	290.772	3.973762887	8.297938144	3.899082474	1.3	3.6														
861.999				375.573	3.953762887	8.277938144	3.859082474	1.3	3.6														
862			M5	395.901	3.943762887	8.217938144	3.919082474	1.3	3.6														
862.007				480.722	4.033762887	8.227938144	3.879082474	1.3	3.6														
862.007			M6	501.047	3.993762887	8.317938144	3.829082474	1.3	3.6														
862.008				561.068	3.963762887	8.297938144	3.809082474	1.3	3.6														
862.005		Scan5	M2	581.412	3.933762887	8.177938144	3.799082474	1.3	3.6														
862.008				641.918	3.903762887	8.247938144	3.899082474	1.3	3.6														
862.006			M3	662.249	3.893762887	8.217938144	3.839082474	1.3	3.6														
862.005				747.063	3.793762887	8.447938144	3.759082474	1.3	3.6														
862.006			M4	766.906	3.796733333	8.476907895	3.764171053	1.3	3.6														
862.005				851.725	3.756733333	8.466907895	3.694171053	1.3	3.6														
862.003			M5	872.056	3.706733333	8.596907895	3.704171053	1.3	3.6														
862.002				956.858	3.776733333	8.516907895	3.754171053	1.3	3.6														
862.002			M6	977.188	3.796733333	8.496907895	3.734171053	1.3	3.6														
862.001				978.182	3.776733333	8.546907895	3.674171053	1.3	3.6														
862.003			M6	998.022	3.776733333	8.526907895	3.694171053	1.3	3.6														
862.002				999.017	3.833762887	8.417938144	3.709082474	1.3	3.6														
862.011		Scan6	M3	1019.346	3.803762887	8.417938144	3.709082474	1.3	3.6														
862.01				1104.158	3.793762887	8.377938144	3.709082474	1.3	3.6														
862.013			M4	1124.003	3.766733333	8.516907895	3.694171053	1.3	3.6														
862.017				1209.299	3.716733333	8.526907895	3.654171053	1.3	3.6														
862.021			M5	1229.135	3.656733333	8.516907895	3.694171053	1.3	3.6														
862.031				1313.944	3.726733333	8.406907895	3.754171053	1.3	3.6														
862.034			M6	1334.279	3.776733333	8.486907895	3.674171053	1.3	3.6														
862.042				1419.093	3.816733333	8.396907895	3.794171053	1.3	3.6														
862.044			M7	1439.433	3.786733333	8.346907895	3.844171053	1.3	3.6														
862.049				1463.724	3.886733333	8.406907895	3.834171053	1.3	3.6														
460.249	中	Scan4	M1	36.342	4.113762887	7.887938144	4.179082474	1.3	3.6														
460.245				60.647	4.243762887	7.987938144	4.089082474	1.3	3.6														
460.239			M2	80.982	4.173762887	8.037938144	4.039082474	1.3	3.6														
460.228				165.792	4.003762887	8.197938144	3.829082474	1.3	3.6														
460.231			M3	186.118	4.053762887	8.187938144	3.819082474	1.3	3.6														
460.222				270.913	4.033762887	8.187938144	3.829082474	1.3	3.6														
460.224			M4	290.755	3.983762887	8.207938144	3.869082474	1.3	3.6														
460.225				375.553	4.003762887	8.187938144	3.809082474	1.3	3.6														
460.229			M5	395.884	4.023762887	8.117938144	3.849082474	1.3	3.6														
460.236				480.702	4.013762887	8.177938144	3.889082474	1.3	3.6														
460.232			M6	501.031	3.963762887	8.257938144	3.809082474	1.3	3.6														
460.233				561.059	3.983762887	8.237938144	3.819082474	1.3	3.6														
460.237		Scan5	M2	581.397	3.963762887	8.117938144	3.919082474	1.3	3.6														
460.238				641.902	4.003762887	8.097938144	3.869082474	1.3	3.6														
460.238			M3	662.228	3.946733333	8.166907895	3.864171053	1.3	3.6														
460.24				747.044	3.906733333	8.236907895	3.854171053	1.3	3.6														
460.238			M4	766.889	3.953762887	8.117938144	3.859082474	1.3	3.6														
460.24				851.705	3.796733333	8.196907895	3.774171053	1.3	3.6														
460.24			M5	872.036	3.746733333	8.266907895	3.804171053	1.3	3.6														
460.236				956.835	3.766733333	8.286907895	3.804171053	1.3	3.6														
460.241			M6	977.173	3.806733333	8.316907895	3.714171053	1.3	3.6														
460.241				978.167	3.893762887	8.237938144	3.749082474	1.3	3.6														
460.243			M6	998.003	3.836733333	8.296907895	3.764171053	1.3	3.6														
460.242				998.992	3.873762887	8.227938144	3.739082474	1.3	3.6														
460.242		Scan6	M3	1019.33	3.843762887	8.217938144	3.809082474	1.3	3.6														
460.252				1104.142	3.903762887	8.237938144	3.789082474	1.3	3.6														
460.252			M4	1123.981	3.806733333	8.356907895	3.744171053	1.3	3.6														
460.259				1209.279	3.716733333	8.416907895	3.724171053	1.3	3.6														
460.255			M5	1229.109	3.776733333	8.376907895	3.744171053	1.3	3.6														
460.271				1313.929	3.696733333	8.366907895	3.694171053	1.3	3.6														
460.273			M6	1334.259	3.746733333	8.466907895	3.664171053	1.3	3.6														
460.285				1419.075	3.746733333	8.476907895	3.664171053	1.3	3.6														
460.29			M7	1439.415	3.696733333	8.436907895	3.704171053	1.3	3.6														
460.292				1463.709	3.636733333	8.476907895	3.714171053	1.3	3.6														
59.972	左	Scan4	M1	36.368	4.053762887	8.017938144	4.099082474	1.3	3.6														
59.965				60.673	4.253762887	8.067938144	4.099082474	1.3	3.6														
59.967			M2	81.006	4.163762887	7.907938144	3.959082474	1.3	3.6														
59.954				165.813	4.023762887	8.157938144	3.859082474	1.3	3.6														
59.953			M3	186.143	4.103762887	8.197938144	3.909082474	1.3	3.6														
59.948				270.94	3.983762887	8.237938144	3.829082474	1.3	3.6														
59.947			M4	290.78	4.043762887	8.147938144	3.799082474	1.3	3.6														
59.952				375.573	4.083762887	8.017938144	3.699082474	1.3	3.6														
59.955			M5	395.912	4.033762887	8.147938144	3.909082474	1.3	3.6														
59.959				480.723	4.013762887	8.217938144	3.879082474	1.3	3.6														
59.962			M6	501.063	4.003762887	8.257938144	3.849082474	1.3	3.6														
59.965				561.083	4.003762887	8.257938144	3.819082474	1.3	3.6														
59.965		Scan5	M2	581.417	4.053762887	8.197938144	3.919082474	1.3	3.6														
59.968				641.926	4.043762887	8.087938144	3.909082474	1.3	3.6														
59.968			M3	662.259	4.053762887	8.157938144	3.959082474	1.3	3.6														
59.972				747.068	3.916733333	8.346907895	3.834171053	1.3	3.6														
59.97			M4	766.912	3.896733333	8.326907895	3.824171053	1.3	3.6														
59.97				851.732	3.953762887	8.197938144	3.859082474	1.3	3.6														
59.969			M5	872.06	3.836733333	8.286907895	3.844171053	1.3	3.6														
59.973				956.862	3.876733333	8.306907895	3.854171053	1.3	3.6														
59.973			M6	977.197	3.883762887	8.307938144	3.799082474	1.3	3.6														
59.974				978.188	3.846733333	8.396907895	3.774171053	1.3	3.6														
59.975			M6	998.022	3.846733333	8.406907895	3.744171053	1.3	3.6														
59.978				999.022	3.836733333	8.406907895	3.794171053	1.3	3.6														
59.977		Scan6	M3	1019.35	3.826733333	8.386907895	3.814171053	1.3	3.6														
59.986				1104.165	3.933762887	8.317938144	3.819082474	1.3	3.6														
59.989			M4	1124.007	3.896733333	8.366907895	3.794171053	1.3	3.6														
59.993				1209.307	3.786733333	8.456907895	3.714171053	1.3	3.6														
59.996			M5	1229.148	3.756733333	8.496907895	3.694171053	1.3	3.6														
60.01				1313.955	3.736733333	8.556907895	3.614171053	1.3	3.6														
60.01			M6	1334.29	3.716733333	8.636907895	3.644171053	1.3	3.6														
60.021				1419.102	3.636733333	8.646907895	3.584171053	1.3	3.6														
60.03			M7	1439.439	3.626733333	8.586907895	3.604171053	1.3	3.6														
60.033				1463.737	3.596733333	8.666907895	3.624171053	1.3	3.6														
261.9	左中	Scan4	M1	40.143	4.133762887	7.897938144	4.179082474	1.3	3.6														
261.948				60.727	4.293762887	7.967938144	4.109082474	1.3	3.6														
261.939			M2	80.564	4.193762887	8.007938144	4.079082474	1.3	3.6														
261.933				165.374	4.013762887	8.157938144	3.879082474	1.3	3.6														
261.899			M3	186.09	4.053762887	8.187938144	3.869082474	1.3	3.6														
261.893				270.896	4.043762887	8.167938144	3.919082474	1.3	3.6														
261.85			M4	291.101	4.043762887	8.107938144	3.859082474	1.3	3.6														
261.857				375.171	4.063762887	8.107938144	3.869082474	1.3	3.6														
261.826			M5	396.255	4.013762887	8.117938144	3.929082474	1.3	3.6														
261.822				481.061	3.916733333	8.266907895	3.874171053	1.3	3.6														
261.794			M6	500.9	3.906733333	8.296907895	3.824171053	1.3	3.6														
261.788				561.407	3.976733333	8.276907895	3.864171053	1.3	3.6														
261.766		Scan5	M2	581.5	4.053762887	8.087938144	3.899082474	1.3	3.6														
261.758				641.385	4.043762887	8.097938144	3.929082474	1.3	3.6														
261.736			M3	662.222	3.946733333	8.046907895	3.884171053	1.3	3.6														
261.732				747.16	3.916733333	8.076907895	3.824171053	1.3	3.6														
261.7			M4	766.5	4.013762887	8.067938144	3.889082474	1.3	3.6														
261.691				852.048	3.943762887	8.097938144	3.839082474	1.3	3.6														
261.668			M5	872.38	3.903762887	8.107938144	3.849082474	1.3	3.6														
261.66				957.322	3.903762887	8.107938144	3.829082474	1.3	3.6														
261.632			M6	976.912	3.806733333	8.316907895	3.784171053	1.3	3.6														
262.37				978.403	3.893762887	8.207938144	3.819082474	1.3	3.6														
261.628			M6	997.751	3.866733333	8.276907895	3.814171053	1.3	3.6														
261.622				999.24	3.933762887	8.217938144	3.859082474	1.3	3.6														
261.617		Scan6	M3	1019.581	3.883762887	8.157938144	3.809082474	1.3	3.6														
261.612				1104.388	3.923762887	8.207938144	3.809082474	1.3	3.6														
262.326			M4	1124.476	3.816733333	8.326907895	3.754171053	1.3	3.6														
262.32				1209.284	3.736733333	8.376907895	3.704171053	1.3	3.6														
262.284			M5	1229.128	3.756733333	8.346907895	3.724171053	1.3	3.6														
262.282				1313.948	3.646733333	8.406907895	3.664171053	1.3	3.6														
262.252			M6	1335.022	3.706733333	8.506907895	3.654171053	1.3	3.6														
262.244				1419.586	3.716733333	8.536907895	3.634171053	1.3	3.6														
262.212			M7	1439.679	3.666733333	8.496907895	3.694171053	1.3	3.6														
262.206				1463.49	3.686733333	8.496907895	3.654171053	1.3	3.6														
262.192	右中	Scan4	M1	40.104	4.083762887	7.957938144	4.159082474	1.3	3.6														
659.96				60.685	4.213762887	8.107938144	4.049082474	1.3	3.6														
659.952			M2	80.524	4.063762887	8.187938144	4.019082474	1.3	3.6														
659.946				165.34	3.903762887	8.317938144	3.819082474	1.3	3.6														
659.916			M3	186.168	3.963762887	8.297938144	3.789082474	1.3	3.6														
659.912				270.848	3.913762887	8.337938144	3.829082474	1.3	3.6														
659.878			M4	291.061	3.963762887	8.317938144	3.779082474	1.3	3.6														
659.872				375.137	4.003762887	8.217938144	3.839082474	1.3	3.6														
659.84			M5	396.209	3.953762887	8.187938144	3.829082474	1.3	3.6														
659.834				481.023	3.846733333	8.286907895	3.824171053	1.3	3.6														
659.814			M6	500.856	3.896733333	8.406907895	3.784171053	1.3	3.6														
659.8				561.367	3.886733333	8.386907895	3.754171053	1.3	3.6														
659.776		Scan5	M2	581.457	3.923762887	8.197938144	3.829082474	1.3	3.6														
659.775				641.341	3.963762887	8.157938144	3.829082474	1.3	3.6														
659.754			M3	662.176	3.906733333	8.096907895	3.784171053	1.3	3.6														
659.748				747.116	3.866733333	8.256907895	3.834171053	1.3	3.6														
659.716			M4	766.464	3.923762887	8.207938144	3.809082474	1.3	3.6														
659.714				852.01	3.873762887	8.047938144	3.769082474	1.3	3.6														
659.69			M5	872.34	3.843762887	8.157938144	3.789082474	1.3	3.6														
659.682				957.278	3.933762887	8.137938144	3.839082474	1.3	3.6														
659.652			M6	976.998	3.736733333	8.356907895	3.704171053	1.3	3.6														
659.648				978.483	3.873762887	8.247938144	3.759082474	1.3	3.6														
659.644			M6	997.831	3.776733333	8.356907895	3.724171053	1.3	3.6														
659.64				999.316	3.893762887	8.247938144	3.759082474	1.3	3.6														
659.641		Scan6	M3	1019.657	3.823762887	8.247938144	3.759082474	1.3	3.6														
659.634				1104.466	3.833762887	8.277938144	3.759082474	1.3	3.6														
659.6			M4	1124.556	3.716733333	8.396907895	3.704171053	1.3	3.6														
660.336				1209.368	3.676733333	8.416907895	3.634171053	1.3	3.6														
660.308			M5	1229.202	3.636733333	8.446907895	3.684171053	1.3	3.6														
660.3				1314.024	3.676733333	8.466907895	3.654171053	1.3	3.6														
660.272			M6	1335.108	3.676733333	8.526907895	3.604171053	1.3	3.6														
660.268				1419.67	3.706733333	8.496907895	3.694171053	1.3	3.6														
660.23			M7	1439.755	3.676733333	8.446907895	3.714171053	1.3	3.6														
660.222				1463.566	3.756733333	8.506907895	3.714171053	1.3	3.6														
660.214	左中	Scan1	M1	40.098	3.895609195	8.396363636	3.878735632	1.3	3.6														
1189.638				60.683	3.865609195	8.456363636	3.858735632	1.3	3.6														
1189.633			M2	80.516	3.795609195	8.446363636	3.778735632	1.3	3.6														
1189.622				165.328	3.545609195	8.856363636	3.658735632	1.3	3.6														
1189.594			M3	186.16	3.565609195	8.846363636	3.678735632	1.3	3.6														
1189.59				270.844	3.615609195	8.776363636	3.708735632	1.3	3.6														
1189.556			M4	291.051	3.595609195	8.726363636	3.658735632	1.3	3.6														
1189.548				375.125	3.685609195	8.636363636	3.668735632	1.3	3.6														
1190.265			M5	396.203	3.655609195	8.596363636	3.708735632	1.3	3.6														
1190.26				481.015	3.559388235	8.646470588	3.610482353	1.3	3.6														
1190.234			M6	500.85	3.549388235	8.696470588	3.490482353	1.3	3.6														
1190.224				561.359	3.569388235	8.636470588	3.480482353	1.3	3.6														
1190.204		Scan2	M2	581.448	3.675609195	8.606363636	3.668735632	1.3	3.6														
1190.194				641.337	3.695609195	8.576363636	3.738735632	1.3	3.6														
1190.176			M3	662.172	3.659388235	8.586470588	3.650482353	1.3	3.6														
1190.172				747.112	3.619388235	8.646470588	3.600482353	1.3	3.6														
1190.148			M4	766.451	3.735609195	8.596363636	3.628735632	1.3	3.6														
1190.138				851.996	3.665609195	8.586363636	3.638735632	1.3	3.6														
1190.112			M5	872.33	3.605609195	8.596363636	3.648735632	1.3	3.6														
1190.104				957.274	3.655609195	8.616363636	3.658735632	1.3	3.6														
1190.078			M6	976.988	3.589388235	8.686470588	3.500482353	1.3	3.6														
1190.074				978.475	3.645609195	8.696363636	3.608735632	1.3	3.6														
1190.072			M6	997.821	3.609388235	8.726470588	3.520482353	1.3	3.6														
1190.066				999.312	3.635609195	8.666363636	3.578735632	1.3	3.6														
1190.068		Scan3	M3	1019.648	3.705609195	8.586363636	3.648735632	1.3	3.6														
1190.058				1104.462	3.735609195	8.586363636	3.628735632	1.3	3.6														
1190.032			M4	1124.546	3.709388235	8.606470588	3.580482353	1.3	3.6														
1190.02				1209.355	3.619388235	8.656470588	3.570482353	1.3	3.6														
1189.988			M5	1229.196	3.639388235	8.636470588	3.630482353	1.3	3.6														
1189.982				1314.018	3.679388235	8.516470588	3.630482353	1.3	3.6														
1189.952			M6	1335.098	3.629388235	8.566470588	3.500482353	1.3	3.6														
1189.944				1419.662	3.669388235	8.496470588	3.610482353	1.3	3.6														
1189.912			M7	1439.753	3.729388235	8.426470588	3.620482353	1.3	3.6														
1189.906				1463.558	3.759388235	8.426470588	3.710482353	1.3	3.6														
1189.898	右中	Scan1	M1	40.046	3.805609195	8.486363636	3.718735632	1.3	3.6														
1586.893				60.751	3.805609195	8.476363636	3.838735632	1.3	3.6														
1586.884			M2	80.468	3.775609195	8.516363636	3.818735632	1.3	3.6														
1586.88				165.284	3.605609195	8.656363636	3.708735632	1.3	3.6														
1586.852			M3	186.112	3.665609195	8.646363636	3.698735632	1.3	3.6														
1586.844				270.79	3.695609195	8.596363636	3.678735632	1.3	3.6														
1586.813			M4	291.005	3.635609195	8.636363636	3.648735632	1.3	3.6														
1586.81				375.071	3.585609195	8.606363636	3.618735632	1.3	3.6														
1586.78			M5	396.149	3.595609195	8.626363636	3.588735632	1.3	3.6														
1586.778				480.963	3.529388235	8.616470588	3.450482353	1.3	3.6														
1586.754			M6	500.798	3.529388235	8.706470588	3.360482353	1.3	3.6														
1586.743				561.307	3.499388235	8.696470588	3.340482353	1.3	3.6														
1586.722		Scan2	M2	581.402	3.675609195	8.686363636	3.588735632	1.3	3.6														
1586.716				641.285	3.635609195	8.686363636	3.618735632	1.3	3.6														
1586.7			M3	662.12	3.619388235	8.706470588	3.480482353	1.3	3.6														
1586.692				747.058	3.579388235	8.706470588	3.420482353	1.3	3.6														
1586.664			M4	766.404	3.655609195	8.636363636	3.538735632	1.3	3.6														
1586.664				851.946	3.605609195	8.606363636	3.538735632	1.3	3.6														
1586.637			M5	872.28	3.645609195	8.576363636	3.588735632	1.3	3.6														
1586.632				957.222	3.695609195	8.566363636	3.608735632	1.3	3.6														
1586.606			M6	976.936	3.589388235	8.686470588	3.440482353	1.3	3.6														
1586.596				978.421	3.645609195	8.586363636	3.538735632	1.3	3.6														
1586.595			M6	997.773	3.549388235	8.666470588	3.440482353	1.3	3.6														
1586.592				999.262	3.655609195	8.616363636	3.548735632	1.3	3.6														
1586.588		Scan3	M3	1019.597	3.745609195	8.536363636	3.628735632	1.3	3.6														
1586.589				1104.416	3.695609195	8.496363636	3.588735632	1.3	3.6														
1587.304			M4	1124.498	3.629388235	8.556470588	3.500482353	1.3	3.6														
1587.294				1209.31	3.639388235	8.586470588	3.480482353	1.3	3.6														
1587.268			M5	1229.148	3.599388235	8.546470588	3.500482353	1.3	3.6														
1587.262				1313.968	3.639388235	8.566470588	3.500482353	1.3	3.6														
1587.23			M6	1335.048	3.629388235	8.656470588	3.450482353	1.3	3.6														
1587.224				1419.61	3.629388235	8.596470588	3.520482353	1.3	3.6														
1587.19			M7	1439.703	3.649388235	8.516470588	3.570482353	1.3	3.6														
1587.186				1463.512	3.699388235	8.466470588	3.660482353	1.3	3.6														

